	baseMean	log2FoldChange	lfcSE	stat	pvalue	padj	symbol
A1CF	431.443381274186	-0.998380872810962	0.178128758495452	-5.60482698719563	2.08463090057138e-08	1.08627397144991e-06	A1CF
A2M	640.122174762291	-0.62850146962164	0.205101098050832	-3.06434960902	0.0021814382155546	0.035553716400306	A2M
AADAC	351.768814130656	-0.706874572104121	0.191959052517202	-3.68242374003578	0.00023102698834265	0.00572078193241047	AADAC
AASS	54.5269906044321	-2.76674802231163	0.486809414714435	-5.68343162371791	1.32018520561643e-08	7.0952554660596e-07	AASS
ABAT	166.375005086668	-0.764266543709789	0.250421699745877	-3.05191820231774	0.00227384055369928	0.0366783028749474	ABAT
ABCB11	72.6138767195651	-1.56665901414759	0.396990442391335	-3.94633937459694	7.93551146884825e-05	0.00223781423421521	ABCB11
ABCC5	430.662421505928	-0.604226445566744	0.180176649548456	-3.35352248518888	0.000797899305977614	0.0161549992625991	ABCC5
ABCC9	27.0626288463684	-1.9416897317077	0.619030391938716	-3.13666300878475	0.00170882414579514	0.0295530409629939	ABCC9
ABHD2	962.040775181037	-0.665861248319954	0.137224192605383	-4.85236047432816	1.22000611802931e-06	4.79129908266223e-05	ABHD2
ABRACL	307.094344108442	-1.0107713121142	0.206652960560495	-4.89115331022954	1.00246841752306e-06	3.96520923564812e-05	ABRACL
ACAA1	512.432383959728	-0.91573443016196	0.168980682311856	-5.41916636643685	5.98775785809595e-08	2.91720641988943e-06	ACAA1
ACAA2	754.720947798453	-0.507605867744485	0.152197528436073	-3.33517812648116	0.000852447758280536	0.0169993117853448	ACAA2
ACACB	265.310692448652	-1.40319707706408	0.216527704265343	-6.48045053553302	9.1449131919479e-11	6.08898803363865e-09	ACACB
ACADM	213.977162348672	-0.736914163144555	0.233941072104814	-3.14999908530124	0.00163270973747392	0.0285664616111313	ACADM
ACADSB	280.017628333964	-0.888576657714567	0.199984894631127	-4.44321887087297	8.86229305713036e-06	0.000302605647549024	ACADSB
ACMSD	210.823093018697	-0.787698831291535	0.252717907385329	-3.11690944041611	0.0018275770288938	0.0311571987073858	ACMSD
ACOX2	71.1078640891495	-2.42774929550449	0.402782757744257	-6.02744096867714	1.66576061250657e-09	9.93240842830408e-08	ACOX2
ACSM2A	394.573051255652	-2.64115756787985	0.197878417077322	-13.347375660721	1.22695754922565e-40	3.19675787553684e-38	ACSM2A
ACSM2B	551.7858124157	-1.69248046843357	0.162069924744063	-10.4429027847473	1.5790693028452e-25	2.66551346402813e-23	ACSM2B
ACSS2	409.271748664088	-1.04092269476179	0.178174626896705	-5.84214886761207	5.15317234686115e-09	2.89956669376201e-07	ACSS2
ADAMTS1	473.382039334207	-0.557118727351218	0.179074221702398	-3.11110511638626	0.0018638857742817	0.0315964229204614	ADAMTS1
ADAMTS17	19.304129634015	2.60598716430212	0.765926084095062	3.40240033394487	0.000667967134968477	0.0141191994931168	ADAMTS17
ADH1A	34.9578752440241	-2.49553643019234	0.558463049287703	-4.46857931491671	7.87408160921274e-06	0.000271180655420732	ADH1A
ADH1B	852.203627675233	-2.72781603646224	0.153366691685605	-17.7862351106468	9.03502996007395e-71	5.69920179323612e-68	ADH1B
ADH1C	162.15253897206	-2.37303090250655	0.269363674208617	-8.80976586571461	1.25407515639266e-18	1.41793308956283e-16	ADH1C
ADH4	199.210959876109	-1.16278032051672	0.243787416308372	-4.76964864768039	1.84547520238868e-06	7.08828963361515e-05	ADH4
ADH6	270.898800496934	-1.24226435248043	0.204717471572028	-6.06818921189807	1.29360450467212e-09	7.7908793912037e-08	ADH6
ADI1	550.962991226323	-0.580172209696859	0.167865223318643	-3.45617870233653	0.000547891955735621	0.0119173958066995	ADI1
ADRA1A	51.3819519019881	-1.36060365027515	0.430766171738263	-3.158566618137	0.0015854706841864	0.0279850753313314	ADRA1A
AFM	137.97726930234	-1.8301718172626	0.280603496785644	-6.52227017206662	6.92511280378222e-11	4.66277960411966e-09	AFM
AGL	245.21642328204	-0.837917791377906	0.219730588803157	-3.813387093449	0.000137075162102036	0.0037084555706386	AGL
AGO2	209.812408703637	-0.732080638839516	0.248778977245672	-2.94269494530713	0.00325368858028433	0.0490508901065506	AGO2
AGT	735.005667163391	-0.520338351740684	0.156240810182146	-3.33036132578981	0.00086733354169746	0.0172102524788809	AGT
AGTRAP	29.7830728470908	2.03193837583866	0.607210831227458	3.34634738272234	0.000818837414336873	0.0164937250602142	AGTRAP
AGXT	538.250906297777	-1.07543774914864	0.16956507504579	-6.34233051150556	2.263151329867e-10	1.46615506424087e-08	AGXT
AHNAK	3431.59694115786	-0.701161845815597	0.149281516315947	-4.69690999340883	2.64126769087909e-06	9.89237289849558e-05	AHNAK
AHSG	188.950361262083	-0.789927762828585	0.254405706958763	-3.10499230646829	0.00190283973945735	0.0321204708132342	AHSG
AKAP9	156.282108842366	-1.11612513999227	0.26407855453508	-4.2264891291807	2.37365733529443e-05	0.000748639030618519	AKAP9
AKR1B1	1156.15453820993	0.414666849795522	0.137424948518167	3.01740589512176	0.00254948185773415	0.0403639895177593	AKR1B1
AKR1B10	1453.44588797399	-0.504513871407938	0.150922986072506	-3.34285640999417	0.00082920794913241	0.0166306782546468	AKR1B10
ALAD	100.729064345634	-0.979113774517054	0.314366922443928	-3.11455724064511	0.00184221208526906	0.0313620906845877	ALAD
ALB	41595.2317959294	-1.21747039265302	0.128720229615049	-9.45826771979813	3.13086807227878e-21	4.31304067198404e-19	ALB
ALDH1A1	4079.84191874273	-0.656914165767144	0.124577412804382	-5.2731402184332	1.34109019989936e-07	6.25407239135945e-06	ALDH1A1
ALDH1B1	109.692037979584	-1.25428684075003	0.300720816175727	-4.170934545539	3.0335299381753e-05	0.000929842872353734	ALDH1B1
ALDH1L1	473.629781910635	-1.50113691485866	0.176901575105411	-8.48571819648398	2.14390431618588e-17	2.31483722788179e-15	ALDH1L1
ALDH3A1	35.5403960104021	2.174449408999	0.546791676758857	3.97674196851018	6.98659040972749e-05	0.00197486523727792	ALDH3A1
ALDOA	3696.0563711869	0.443961356585437	0.117738283236614	3.77074766491391	0.000162759184046094	0.00425910222880444	ALDOA
ALDOB	5879.74092217355	-1.51396467596552	0.134948339871361	-11.2188462444866	3.29541638974037e-29	6.47468285754726e-27	ALDOB
ALPL	21.0003510117678	2.57301612780465	0.773428578154893	3.32676629811493	0.000878600253481628	0.0174049984098799	ALPL
ANGPTL3	205.632019477246	-1.19678084907894	0.255803811000519	-4.67851063046325	2.88966191599474e-06	0.000107554652370177	ANGPTL3
ANKH	635.129946747415	-0.636088914717265	0.151586224807541	-4.19621845932811	2.71408471223648e-05	0.000842702209226793	ANKH
ANKS4B	55.5515789807053	-1.34894918109873	0.41416057640184	-3.25706805031562	0.00112569442284757	0.0212463742642963	ANKS4B
ANKZF1	103.489377070909	0.946806207373309	0.307139876174586	3.08265477985386	0.00205163007001946	0.0338625102561564	ANKZF1
ANP32A	423.978694783116	0.669867542218183	0.181484441799788	3.69104665708576	0.000223333162585303	0.00558452641213285	ANP32A
ANPEP	303.191109223591	-0.656332787057237	0.193673291922872	-3.3888657570741	0.000701823603324471	0.0146284450188588	ANPEP
ANXA5	1322.07747923962	0.54462990301234	0.144433846805605	3.77079136959748	0.000162730679379242	0.00425910222880444	ANXA5
APMAP	408.779589943093	0.71719949512998	0.18704654117684	3.83433711533813	0.000125903370262488	0.00343101887704547	APMAP
APOA1	650.292718631222	-0.877191239529718	0.160852293225277	-5.45339591957943	4.94168747655442e-08	2.44736051266548e-06	APOA1
APOA5	211.541051004408	-2.29968418599337	0.252938264696411	-9.09187935148352	9.73416750589603e-20	1.21524997456421e-17	APOA5
APOB	5785.3218373731	-0.867297282031682	0.118308770254479	-7.33079449787322	2.2879226999501e-13	1.94473429495758e-11	APOB
APOC3	4468.90465155818	-1.0729160725194	0.146444031854489	-7.3264581624295	2.36314922029309e-13	1.9945312257192e-11	APOC3
APOE	1375.22178354145	-0.404369578442142	0.136072294595153	-2.97172601994577	0.00296130816145349	0.0455600491848781	APOE
APOH	2324.14880844884	-0.558554062216297	0.137773632964711	-4.05414338140713	5.03183479858591e-05	0.00146020678113928	APOH
APOL1	300.624894091951	1.66944276885598	0.216684358695436	7.7044913574149	1.31365468894944e-14	1.21108857285069e-12	APOL1
APOL3	206.795056750013	2.09511811042047	0.246368969348129	8.5039853678163	1.83190638014843e-17	1.99594526964354e-15	APOL3
AQP11	18.5837725025846	-2.51261768977414	0.776736645948779	-3.2348386069837	0.00121711507805838	0.022580687632399	AQP11
AQP3	251.78996527884	0.933578592305749	0.217509909800794	4.29211980806191	1.76975408267963e-05	0.000574810370756515	AQP3
AQP9	1236.1026315901	1.8828736132553	0.132316325999886	14.2300929157973	5.96025306591122e-46	2.16465554530139e-43	AQP9
ARG1	1171.19425583366	-1.34969597822003	0.146911859341918	-9.18711385361199	4.03522585049662e-20	5.20023460410774e-18	ARG1
ARL1	1083.15068710794	0.606500457187147	0.133852553964278	4.53110859094259	5.86749666873073e-06	0.000208053099333544	ARL1
ARNTL2	60.3307575152701	1.87737142957295	0.410406559760856	4.57441867076125	4.7754406094193e-06	0.000170811637960196	ARNTL2
ASAP1	1128.40837915938	-0.542292131186227	0.138729143314682	-3.90899935103135	9.26792129338151e-05	0.00258918500468945	ASAP1
ASB13	141.174741244705	-1.03224121595825	0.273370774556108	-3.7759750201329	0.000159382964709516	0.00418904568430602	ASB13
ASPN	176.128870825857	-0.84563576168176	0.245868498571047	-3.43938229824672	0.000583043253272696	0.0125679377526497	ASPN
ATF3	133.946509064343	0.805397568428881	0.271869801407094	2.96243850644849	0.00305212768302266	0.0465948744993463	ATF3
ATP1B1	209.003439705313	-0.847895158310971	0.236684086284149	-3.58239192005937	0.000340462492081931	0.00801658736267572	ATP1B1
ATP6V0E2	108.85537078161	-1.21901074168461	0.301634751720574	-4.04134714163792	5.31450181354124e-05	0.00153111308257913	ATP6V0E2
ATP6V1G1	2052.49868602082	0.368127195957529	0.119586011667943	3.07834662953487	0.00208152643341528	0.0341741017869619	ATP6V1G1
B2M	2924.42619961955	1.12262598300542	0.12788904037831	8.77812500339803	1.66222467722597e-18	1.86184698659376e-16	B2M
B3GNT5	48.4792394725848	2.16656190767306	0.472635406259348	4.58400255033836	4.56158668270503e-06	0.000164176025201861	B3GNT5
B4GALT1	499.168575455824	0.48416121344228	0.163282897300535	2.96516794744977	0.00302517727639771	0.0463641299969649	B4GALT1
BAAT	1667.29871864088	-1.21960662071813	0.12197937244792	-9.99846610326555	1.54775800563729e-23	2.40907528539778e-21	BAAT
BACE1	136.563952626864	-0.85395721081343	0.275952698232153	-3.09457822403684	0.00197092954149766	0.0329910482609629	BACE1
BBOX1	161.817341966327	-1.67180964726517	0.259546466928064	-6.44127299073782	1.18475552944945e-10	7.84491437594014e-09	BBOX1
BCL3	43.5225976631924	2.21961771403262	0.499104378511851	4.44720144642031	8.69962467576108e-06	0.000297900004968561	BCL3
BDH1	29.7688618585553	-3.45015071500803	0.673290366792703	-5.12431320151396	2.98624236802342e-07	1.31486007837909e-05	BDH1
BEST1	9.77588297404865	3.59059710346911	1.19547602899093	3.00348732755423	0.00266904664200676	0.0419246710412202	BEST1
BHMT	924.080398788866	-5.41615192366767	0.207106150388633	-26.1515745114488	9.45710859703455e-151	1.6191920933637e-147	BHMT
BHMT2	516.207806120791	-0.556071816266152	0.170608248469089	-3.25934895443758	0.00111668224643749	0.0211095216459831	BHMT2
BIRC3	3419.71876544912	3.91061853610287	0.122969359940817	31.8015686020078	6.15776906565657e-222	3.6900431125947e-218	BIRC3
BNIP3	617.426931252938	0.727282513954719	0.166115277231011	4.37817957552038	1.19674726990643e-05	0.000398417111939684	BNIP3
BNIP3L	575.043802417973	0.490569323614419	0.155837658400859	3.14795107067468	0.00164419212466422	0.0286836137032034	BNIP3L
BTD	81.4381444705919	-1.12133046897852	0.342624257705455	-3.27277022499236	0.00106499016209773	0.0203896279436762	BTD
BTG1	2243.52586849917	0.408438287435058	0.115992998035851	3.52123226704442	0.000429546190326207	0.00972016525819912	BTG1
C11orf54	233.004510829649	-1.47481614658002	0.221886509862018	-6.64671388764082	2.99708809446738e-11	2.10059069077144e-09	C11orf54
C11orf96	20.6788006079453	4.71573290479088	1.03564657075922	4.55341912766034	5.27809676055814e-06	0.000187709168175933	C11orf96
C15orf48	70.7992372052626	5.54384807088599	1.83441902045746	3.02212744692513	0.00251004844043544	0.0398977858867622	C15orf48
C17orf96	11.5140922873919	3.29205053111524	1.07439866557321	3.06408657847585	0.00218335713563832	0.035553716400306	C17orf96
C19orf43	548.69332875707	0.557896247213921	0.164625097879284	3.38888938807504	0.000701763125438646	0.0146284450188588	C19orf43
C19orf80	282.563418605713	-0.919397653197484	0.257107636781815	-3.57592510555296	0.000348991561963364	0.00816926537134944	C19orf80
C1orf115	144.63965315982	-0.833099548589119	0.278665889813535	-2.98960001579876	0.00279342978391298	0.0435360935763291	C1orf115
C1R	290.344920217291	2.68020058979757	0.229491542880379	11.6788643108936	1.63464908477536e-31	3.43706478614609e-29	C1R
C1R-2	490.501259763325	1.8595252854441	0.188600895541665	9.85957823849944	6.23105729619366e-23	9.57425919165141e-21	C1R-2
C1S	2044.67235026713	1.25243840988653	0.129572637195591	9.66591741121986	4.20832240065254e-22	6.30459299647759e-20	C1S
C2	326.165172357154	1.17423787586262	0.202550693544251	5.79725428393107	6.74094419454002e-09	3.72305143647752e-07	C2
C20orf24	103.927620970759	0.976780076111447	0.3158843276508	3.09220809837468	0.00198673520432927	0.0332092349008178	C20orf24
C2CD4A	30.2526183367879	3.62336258787057	0.725676652445834	4.99308138915358	5.94235006924265e-07	2.45582984758183e-05	C2CD4A
C2orf72	75.112160620519	-1.60567516672768	0.364962624892774	-4.39956055006845	1.08470309568739e-05	0.000364150324980766	C2orf72
C3	2441.60527960266	1.80919010964985	0.140633883801879	12.864539190275	7.12656609717173e-38	1.74309989131843e-35	C3
C4A	81.3419706529736	1.41750906105486	0.384152626469595	3.68996321613605	0.000224286480574649	0.00558851033198995	C4A
C4B	70.7311523300773	1.67724686136451	0.380088424415562	4.41278069423847	1.02051356217355e-05	0.000344531127961973	C4B
C4BPA	294.782940704478	2.1532707879034	0.230612816386565	9.33716877336939	9.89444701912069e-21	1.33241514072092e-18	C4BPA
C4BPB	373.813983245732	0.553986991674475	0.181568498540738	3.05111842707769	0.00227990630005722	0.0367267164061637	C4BPB
C8A	247.059048039369	0.78666271580461	0.227433183941212	3.45887395221953	0.000542438693465994	0.011820232256709	C8A
C8B	148.322955458162	1.43445355713885	0.278621786267099	5.14838978084694	2.62732093863385e-07	1.17934237638677e-05	C8B
C8orf4	76.8621599544829	1.72192766195412	0.362973558756772	4.74394792792049	2.09592747093882e-06	7.94926922126639e-05	C8orf4
C9	433.746197451994	3.75698896742732	0.22099909479355	17.0000197102027	8.20923178972932e-65	4.68512585713838e-62	C9
CA12	163.096800995998	2.01787529397958	0.263830956232557	7.64836440270075	2.03551702416345e-14	1.84815693443931e-12	CA12
CALM2	5428.70283049858	0.414491871210208	0.126962856592225	3.26467033221738	0.00109591547680046	0.0207825110592619	CALM2
CASP4	371.537613148267	2.11945698216066	0.195631148777581	10.8339443662437	2.37690973036768e-27	4.45113486225885e-25	CASP4
CASP7	114.640982523115	1.41882780273913	0.307741812594694	4.61044857952978	4.01801019085742e-06	0.000145926824658867	CASP7
CAT	529.336979594701	-0.876981317944885	0.165733165361951	-5.2915257850148	1.21300084039303e-07	5.67883401254313e-06	CAT
CAV1	4924.78680174108	-0.484316017891834	0.107336783138952	-4.51211601213042	6.41840633497384e-06	0.000224269970625835	CAV1
CBR1	434.161085903152	-1.02099163992441	0.17173003057419	-5.94532963460532	2.75901070577686e-09	1.61301186871881e-07	CBR1
CBX3	684.293383825468	0.636185927225396	0.178253633149057	3.56899276601791	0.000358356319139861	0.00833961259202182	CBX3
CCL2	41.5165150019354	2.87704454499958	0.554404692984201	5.18943035909973	2.10938373803401e-07	9.61253387845535e-06	CCL2
CCL20	1748.17162193348	7.54260043485444	0.285024667844511	26.4629742116536	2.58736874074425e-154	6.20192287156397e-151	CCL20
CD14	90.7488326051655	1.23279814936537	0.345078548250007	3.57251459303179	0.000353569773588587	0.00824422905925918	CD14
CD24	67.407784531785	2.01518186765903	0.432075292184953	4.66395997204214	3.10181741550707e-06	0.000115093751470131	CD24
CD38	11.4397367423275	6.90522047616414	1.66745890721115	4.14116380697696	3.4554806688997e-05	0.00103534839541907	CD38
CD44	129.275865612272	1.2262714718363	0.294892722942719	4.1583646405357	3.20534077051989e-05	0.000977506593757784	CD44
CD55	133.464810261271	1.38488553215246	0.283949306527754	4.87722808372875	1.07587007590922e-06	4.24154699334605e-05	CD55
CD59	455.178405724757	0.785175713285372	0.180714359421626	4.34484407214965	1.39374628395894e-05	0.000458902450913403	CD59
CD63	1384.40348048609	0.473855084019205	0.130027149286819	3.64427803438155	0.000268143432170725	0.00647923192452851	CD63
CDC25B	89.2041414236556	1.07086246438695	0.341579137540775	3.13503474508632	0.00171833758111844	0.0296320516686396	CDC25B
CDH1	60.8672294181341	-1.15858705032849	0.393862583188536	-2.94160222316395	0.00326519053646332	0.0491624479642122	CDH1
CDV3	859.196312543614	0.516318362446683	0.146102167484284	3.53395415918264	0.000409392075868649	0.00936367181161405	CDV3
CEBPA	125.39692159425	-1.77464599835704	0.302800128448576	-5.86078350577195	4.60688276000165e-09	2.6292138037438e-07	CEBPA
CEBPB	1063.07703715286	0.98548170787927	0.135268592825597	7.28536970255809	3.20789380390582e-13	2.66990328054244e-11	CEBPB
CEBPD	618.249002509871	1.02775282632748	0.168655275003459	6.0938077762845	1.10256044984627e-09	6.70770913269417e-08	CEBPD
CELF2	333.879076652094	-0.559452399375726	0.188578391109842	-2.96668348946651	0.00301030676530504	0.0462545212592064	CELF2
CES2	466.75800647234	-0.970194244154179	0.178487678465473	-5.43563708428116	5.46009876877981e-08	2.67099117321739e-06	CES2
CFB	2155.3353540126	3.65734212885928	0.145842461890088	25.0773477179478	8.78726452259016e-139	1.17017072559159e-135	CFB
CFDP1	380.38918836745	0.572856250692989	0.186949626963641	3.0642278350435	0.00218232641642283	0.035553716400306	CFDP1
CFH	915.78352974139	0.469641207190901	0.156122693500472	3.00815465491237	0.00262839342746583	0.0414490726686553	CFH
CFI	438.257199412958	0.611707408908769	0.173140626078736	3.53300910804489	0.000410858316728518	0.00937930843045959	CFI
CGN	65.5065216636627	-1.3459407871694	0.384626911301365	-3.49934117354264	0.00046640937766885	0.0104095277306539	CGN
CHDH	57.4782434902453	-1.37286633262493	0.404267977302744	-3.39593143583774	0.000683954900226419	0.0143810517179186	CHDH
CHI3L1	71.4088554673426	3.8685534758172	0.477648775698212	8.0991591994814	5.53403258205415e-16	5.66883593982214e-14	CHI3L1
CHN2	58.6787222183625	-1.26141080913417	0.401551927332854	-3.14133919742979	0.00168177132133538	0.0291693622086896	CHN2
CHST9	13.3648036951646	-3.69950906877837	1.0297289920798	-3.59270166930648	0.00032726719516701	0.00772105774424531	CHST9
CLDN1	296.403620073564	0.973207243368602	0.20767817462482	4.68613153561632	2.78417366030155e-06	0.000103951156756119	CLDN1
CLDN12	216.095605276064	1.13685183965292	0.239196697958476	4.75279069216197	2.00628014436154e-06	7.63341826354702e-05	CLDN12
CLGN	106.850483141775	1.07077610423661	0.331742472606059	3.22773293339544	0.00124775407127736	0.0230776736794122	CLGN
CLIC1	1757.71642338272	0.4075807771803	0.132634818243701	3.07295461762851	0.00211950718054875	0.0347025868290666	CLIC1
CLNS1A	239.881160261403	0.731434443968153	0.217693155720684	3.35993312029816	0.000779613427682055	0.0159176608701353	CLNS1A
CMBL	403.915556121249	-1.17230867658217	0.180499370403544	-6.49480756614957	8.3139612613073e-11	5.56663830819933e-09	CMBL
CNIH3	32.3475921196608	3.73385585061576	0.689395058498125	5.41613376044516	6.09015476062706e-08	2.95508116623949e-06	CNIH3
COBLL1	156.324818846203	-1.03571996793138	0.270125076845924	-3.83422368639303	0.00012596147733834	0.00343101887704547	COBLL1
COL12A1	143.484352868313	-0.863514299879511	0.263476544750306	-3.27738585116885	0.00104773084664859	0.0201234842901977	COL12A1
COL1A2	8417.89381995721	-0.328537830566758	0.102794959460069	-3.19605000373951	0.00139322964099161	0.0253373845494192	COL1A2
COL6A3	858.494056505895	-0.602075156353389	0.187097244633918	-3.21797981328605	0.001290969033095	0.0237304660454657	COL6A3
CP	3857.25719226363	1.36783371751374	0.117841614528676	11.6073911833658	3.77972094933793e-31	7.8103371685888e-29	CP
CPB2	797.936703854109	-0.747747149950402	0.148278119422161	-5.04286912232478	4.58602935946313e-07	1.94217533120726e-05	CPB2
CPEB4	312.987804414656	-0.636968601046694	0.2056424636761	-3.09745657419258	0.00195188991733858	0.0327638664696119	CPEB4
CPM	202.211492491603	1.0663776723498	0.254010419259992	4.19816508100918	2.69086450834821e-05	0.000837662626819567	CPM
CPS1	2832.95214871498	-2.60486155171044	0.118390658117811	-22.0022558631133	2.74006583081313e-107	2.34569207016396e-104	CPS1
CPT1A	147.554199255953	-0.961212884886687	0.263554654444983	-3.64711026223724	0.00026520613816006	0.00643420155030024	CPT1A
CREB3L3	273.787779169594	2.00824526608103	0.216204312293998	9.28864574796355	1.56263826381362e-20	2.0580461089897e-18	CREB3L3
CRP	5455.09071190684	9.56367876465088	0.42003440672077	22.7687984879977	9.34733435430593e-115	9.33565018636305e-112	CRP
CRYAB	2055.19294741573	-0.433967132799029	0.13711875658217	-3.16489985481285	0.00155136336974373	0.0275602876022791	CRYAB
CRYL1	160.350032849709	-0.831393287984167	0.252089191755685	-3.29801243041757	0.000973718236814423	0.0189756310052372	CRYL1
CSNK1A1	2408.2438895976	0.380519755744944	0.119613961627593	3.18123194455894	0.00146650166099956	0.0263114107890416	CSNK1A1
CSTB	326.09572623411	0.993947426282382	0.192336077961227	5.16776382683	2.36911411567913e-07	1.0674373186622e-05	CSTB
CTSL	613.014696159133	0.632957289936837	0.170570348064928	3.71082838909317	0.000206582119224374	0.00523443276723916	CTSL
CTSS	181.369548362523	1.41864203466669	0.243224857698848	5.83263589128377	5.45585384670382e-09	3.04132131873234e-07	CTSS
CX3CL1	26.7929305286956	2.86842448233887	0.664546371614661	4.31636467349811	1.58619849489841e-05	0.00051799969921955	CX3CL1
CXCL1	190.686776747759	7.95717597505807	0.871544726210434	9.12996858997322	6.85191717028847e-20	8.64423445114814e-18	CXCL1
CXCL10	14.7040348775158	3.77511705919559	1.0407582183449	3.62727576170296	0.000286427339474673	0.00690710596298584	CXCL10
CXCL2	218.847387999584	4.52524920515033	0.320633828145738	14.1134490746668	3.13844802760787e-45	1.04484165585779e-42	CXCL2
CXCL3	14.4215836651413	5.80247520444695	1.56046682852554	3.71842265300162	0.000200470654233641	0.00510114817619997	CXCL3
CXCL5	29.769525107324	5.87673392868237	1.15001718281821	5.11012706286783	3.21942217826803e-07	1.39574435104317e-05	CXCL5
CXCL6	64.5971416904386	9.40631607534617	1.49778515803994	6.2801504106608	3.38245632933378e-10	2.16784701107301e-08	CXCL6
CYB561D2	45.8309617454702	1.40897368359778	0.456674934017696	3.08528797760374	0.0020335515293801	0.0337097027380643	CYB561D2
CYB5A	885.223050553353	-0.511398262685706	0.147267572470537	-3.47257888553854	0.000515483495378222	0.0113776605747845	CYB5A
CYP1A2	477.437141036178	-3.34505636485657	0.204853198363099	-16.3290414383842	6.13405476800237e-60	3.19637593019602e-57	CYP1A2
CYP1B1	61.0751188163427	1.46405271045829	0.405991489162875	3.60611675253849	0.000310813337987807	0.00739106717417434	CYP1B1
CYP2A6	320.780012012125	-3.41160992878049	0.244923145998626	-13.9293079666698	4.20409158243748e-44	1.36178480041927e-41	CYP2A6
CYP2A7	132.690292773361	-3.19855062216833	0.319209432350464	-10.0202259018982	1.24218697018048e-23	1.95889616284382e-21	CYP2A7
CYP2B6	69.4135428186141	-2.81315749238633	0.43726263295746	-6.4335648197499	1.24645402481782e-10	8.20810521287997e-09	CYP2B6
CYP2B7P	155.117338484171	-2.750634954503	0.28716985845358	-9.57842501060265	9.853603381689e-22	1.44018825036028e-19	CYP2B7P
CYP2C19	64.6881142321729	-1.92706294955225	0.397183177364331	-4.85182419441845	1.22331040408397e-06	4.79129908266223e-05	CYP2C19
CYP2C8	309.948076313295	-3.47999188873402	0.238789567386954	-14.5734670354956	4.14318829963196e-48	1.65520372570297e-45	CYP2C8
CYP2C9	1100.55455393336	-1.55718834659357	0.158623844293423	-9.8168617305295	9.52630505734938e-23	1.44522488749788e-20	CYP2C9
CYP2D6	39.6018509501233	-1.49175867001959	0.4874333948705	-3.06043591948787	0.00221015050100183	0.0358106434589892	CYP2D6
CYP2E1	307.226940828359	-0.727360654139843	0.22181113924213	-3.27918902822032	0.00104105877024821	0.0200915654300489	CYP2E1
CYP3A4	67.5103256296797	-1.59135867168406	0.389834912888541	-4.0821348193076	4.46238963328314e-05	0.00131082695477692	CYP3A4
CYP3A5	749.574336589449	-0.597630160588362	0.146635525602335	-4.07561645197148	4.58926084696429e-05	0.00134151929880164	CYP3A5
CYP4A11	11.346758487281	-3.43203938068079	1.07603707336927	-3.18951778300208	0.00142510370839243	0.0257614901132478	CYP4A11
CYP4F2	49.0569558632599	-1.43666379717422	0.439896572998862	-3.2659126834751	0.00109111888323637	0.0207243420215339	CYP4F2
CYP4F3	184.3798173606	-1.28065896282987	0.24191964989168	-5.29373683949728	1.19841857283129e-07	5.65474275408782e-06	CYP4F3
CYP7A1	52.6553783559999	-5.27176751955112	0.723075375294918	-7.29075792050165	3.08216144058339e-13	2.583196144433e-11	CYP7A1
CYR61	453.555711308694	-0.736735057625085	0.170671484627725	-4.31668511721262	1.5838985343594e-05	0.00051799969921955	CYR61
DAB2	621.991988766144	0.619901500748934	0.158310536265569	3.91573116592213	9.01306369605161e-05	0.00252386842049483	DAB2
DAK	185.173030213411	-1.15857681449192	0.258653789282103	-4.47925707064864	7.49032818707284e-06	0.000259455443127364	DAK
DAO	35.0286474202247	-2.06627055244857	0.543050563229579	-3.8049321598347	0.000141843061192463	0.00381163472733558	DAO
DCAF11	205.505753026554	-0.872216936760365	0.229780608633629	-3.79586833696251	0.000147127571190199	0.00392796368008176	DCAF11
DCN	564.838630069185	1.06274926323748	0.199438332613675	5.32871113245865	9.89121681582876e-08	4.74184934150831e-06	DCN
DCXR	242.661151811556	-0.767721915366596	0.214371830850997	-3.58126304337166	0.00034193717582703	0.00803552363193521	DCXR
DFNA5	35.4417862650883	1.62979307968213	0.518390632079596	3.14394778536794	0.00166685178614158	0.0289945118387617	DFNA5
DGAT1	125.274960016107	-1.06861847774521	0.28163005878531	-3.7944049095975	0.000147997986618569	0.00394167971027456	DGAT1
DGAT2	201.602626671282	-1.35941997786778	0.236445176054484	-5.74940880821579	8.95560398416561e-09	4.88940620415372e-07	DGAT2
DHCR7	243.392617380689	-0.722159795510094	0.211391776780316	-3.41621517406792	0.000634980512259816	0.0135354892640834	DHCR7
DHODH	237.360304637193	2.78733832653328	0.261481460054183	10.6597933404368	1.56945794858156e-26	2.80745574832089e-24	DHODH
DHRS13	40.3382577616108	2.0573110476517	0.506224818549514	4.06402644095267	4.8233358346161e-05	0.00140309902858917	DHRS13
DHTKD1	131.881776377896	-1.32419193997079	0.27733760326298	-4.77465704034066	1.80013765199687e-06	6.93718641774356e-05	DHTKD1
DIO1	150.863089168047	-2.13820838157092	0.276971809214584	-7.71994950545433	1.1637579928656e-14	1.08121236779025e-12	DIO1
DMGDH	41.3390087592397	-1.95939935484493	0.498615808325226	-3.92967756362609	8.50598450420581e-05	0.0023893984841616	DMGDH
DMXL1	764.382380683606	-0.505280939601405	0.153468936733079	-3.29239877696042	0.000993366493836232	0.0192957818940474	DMXL1
DRAM1	73.7193665331676	1.38602514626804	0.366576333265478	3.78100008236011	0.000156199622527921	0.00411440104614753	DRAM1
DSTN	1572.46897936283	0.65988331249419	0.137051143516824	4.81486907413643	1.47296431198509e-06	5.71309944308781e-05	DSTN
DUSP6	231.509643649706	0.7612488190301	0.220792800083111	3.44779729567065	0.000565178027301873	0.0122268206808898	DUSP6
ECHDC3	167.83093201029	-1.0535184697541	0.252582960346194	-4.17097997549057	3.03292515893896e-05	0.000929842872353734	ECHDC3
ECI2	345.417348331261	-0.670934798193589	0.190549738394622	-3.52104812027664	0.000429844604659619	0.00972016525819912	ECI2
EEF1D	465.48763184533	0.591518140515103	0.187818893835312	3.14940700818829	0.00163602166720912	0.0285826817514597	EEF1D
EFEMP2	780.575158173312	0.493218782467273	0.150649451355353	3.27395007436081	0.00106055347507645	0.0203371734380661	EFEMP2
EGLN1	354.402694736863	0.640088882028618	0.189689960765566	3.37439514165798	0.000739780939409495	0.0152341487264996	EGLN1
EHHADH	298.334268340196	-1.87426566801856	0.207045366948475	-9.05243954811598	1.39809251799858e-19	1.70981008451153e-17	EHHADH
EIF3E	2802.2665485884	0.375175379621289	0.124286053800118	3.01864423360533	0.00253908506520042	0.0402525588709352	EIF3E
EIF4EBP2	228.338051028	-0.742520648255816	0.235435996903679	-3.1538110485271	0.00161153389768495	0.0283490707831831	EIF4EBP2
ELF3	220.257197008217	3.79283192039244	0.284467108542543	13.3331123581382	1.48567766269943e-40	3.78847803988355e-38	ELF3
ELL2	653.194112918021	0.543594474542584	0.150320637714068	3.61623315872688	0.000298921152884159	0.0071651400346333	ELL2
EMC2	869.343972671919	0.499541129039059	0.158527385596732	3.15113459519107	0.00162637523996593	0.0284972328230873	EMC2
ENO1	7345.72845058499	0.480464156879889	0.111421977064834	4.31211300980881	1.61701743222321e-05	0.000526629182749867	ENO1
ENTPD5	259.06191092886	-1.48102740662847	0.226457741936226	-6.53997250862615	6.15301427805141e-11	4.18512086935336e-09	ENTPD5
EPB41L5	148.692215254198	-1.01479886589483	0.274963019132167	-3.69067400080825	0.000223660632275659	0.00558452641213285	EPB41L5
EPHA1	22.6435282136533	-2.217672630842	0.66996852536159	-3.31011465000552	0.000932577640532464	0.0182034902634879	EPHA1
EPHX1	912.293415799215	-1.08990058298767	0.14189189425881	-7.68120398054378	1.57600299033156e-14	1.4418622777957e-12	EPHX1
EPHX2	64.4172818506228	-1.36715393927668	0.406829140888017	-3.36051133478908	0.000777983383739854	0.0159114860991846	EPHX2
ERBB2IP	889.609321219397	-0.503443894209365	0.147447184849429	-3.414401534512	0.000639222938962971	0.0135354892640834	ERBB2IP
ERO1L	311.607064987339	1.05827253323401	0.209990707209108	5.03961602539005	4.66466768358924e-07	1.96852261224708e-05	ERO1L
ESPN	34.2260513437792	-1.69490605513555	0.533381932190769	-3.17765929598333	0.00148469105656776	0.0265979406770771	ESPN
ESRP2	102.783039387901	-1.18629286236036	0.307652652188153	-3.85594875884527	0.000115281636099815	0.00315445298779972	ESRP2
ETNK2	447.156379205394	-2.81399681554308	0.194417683099979	-14.4739756727581	1.76942065257986e-47	6.84080855521599e-45	ETNK2
ETNPPL	148.256455425143	-2.11552002538007	0.284686199078317	-7.43105929345769	1.0773140268966e-13	9.35623812489543e-12	ETNPPL
ETS2	414.098547184288	1.06716276630314	0.183112338583523	5.8279129334388	5.61248450698363e-09	3.11414938963883e-07	ETS2
F13B	207.037607395512	-1.25488566153931	0.246524845057958	-5.09030098465039	3.5749560472984e-07	1.54121756211767e-05	F13B
F7	73.778228682649	-1.21605962858779	0.363800134888888	-3.34265854233177	0.000829799382251045	0.0166306782546468	F7
FADS1	1023.54413258361	-0.640125405148091	0.137285782806896	-4.66272174773174	3.12054551211252e-06	0.000115129602019018	FADS1
FADS2	650.011058660469	-0.745989134107468	0.156423751533741	-4.76902725316978	1.8511761829967e-06	7.08828963361515e-05	FADS2
FAM107B	391.57550131099	1.00217638066659	0.186658199796939	5.36904556969283	7.91544189833261e-08	3.80990245588419e-06	FAM107B
FAM110C	40.6423341346378	1.78056138606071	0.498131062466034	3.57448374579556	0.000350919610841434	0.00819838506030133	FAM110C
FASN	398.487291241063	-1.01854522413279	0.186655503384559	-5.45681860788387	4.84741096321347e-08	2.41063155162296e-06	FASN
FBP1	191.085544331034	-1.30366824245764	0.237705159780392	-5.48439185612151	4.14894195948549e-08	2.08928862959805e-06	FBP1
FBXL5	750.491441733644	0.645055832742972	0.148216701553455	4.3521129938945	1.34831737203696e-05	0.000446397339885717	FBXL5
FCAMR	125.114494566429	10.3688184305024	1.46733322489718	7.06643743532007	1.58961791437723e-12	1.26169342409345e-10	FCAMR
FERMT2	499.94507210535	0.532388505459366	0.164407461648879	3.23822593038006	0.00120275520183496	0.0224533038847227	FERMT2
FGA	7550.40887130871	2.42380100179188	0.328610184657325	7.37591564400057	1.63219341022177e-13	1.40732647636748e-11	FGA
FGB	9856.53149550697	2.40471474395086	0.269009671388252	8.9391386247977	3.92215575093369e-19	4.65416204702379e-17	FGB
FGF2	56.7328204529479	1.97137414955313	0.426187453246173	4.62560343937303	3.7350933917129e-06	0.000136478946035607	FGF2
FGF7	351.088076388617	0.918277518276993	0.191914360776823	4.78482962171267	1.71132436726913e-06	6.61620081990983e-05	FGF7
FGFR3	46.9240535057178	-1.3515081763932	0.459850081174981	-2.93901911018458	0.00329252772236774	0.0494498054543577	FGFR3
FGG	10808.6311096541	3.20436118749649	0.145223307537919	22.0650613308735	6.84757101448462e-108	6.31293373912294e-105	FGG
FGL1	1421.45425358273	1.97930751875806	0.160595485951896	12.324801703025	6.66071276580736e-35	1.53516620188848e-32	FGL1
FKBP5	1060.11154309966	-0.822577078507769	0.132421615308568	-6.21180368923157	5.23798405390765e-10	3.23594014876717e-08	FKBP5
FLJ45139	21.0377738057021	7.78531889707548	1.57454307702374	4.94449406350417	7.63418677949436e-07	3.0600578111117e-05	FLJ45139
FLNC	1216.78378921152	-0.65952139570708	0.142756660523362	-4.61989929779249	3.83926339557544e-06	0.00013985888083882	FLNC
FLOT1	538.90099379676	0.671448353147928	0.16045672460884	4.18460712559588	2.85659712695905e-05	0.00088465934280631	FLOT1
FLOT2	503.461304805117	0.558267097942185	0.16191694306009	3.44786090566819	0.000565044944457213	0.0122268206808898	FLOT2
FLRT2	238.644842458896	-0.680497605655136	0.212392980790386	-3.20395524900482	0.00135553544695184	0.0247276900026145	FLRT2
FMO3	86.3514239393353	-0.981317414114269	0.331294482144653	-2.96206990156207	0.00305578400971933	0.0465948744993463	FMO3
FMO5	111.544697523994	-1.18846144287939	0.322977996792937	-3.67969785768818	0.000233510455627379	0.00577035631070956	FMO5
FN1	5886.8009865579	-0.650081521284213	0.11313004724932	-5.74632060262061	9.12062999256844e-09	4.94618780366212e-07	FN1
FNIP2	266.158637937915	0.779364265624177	0.222837400360002	3.49745717893445	0.000469716113352824	0.0104444297189863	FNIP2
FOLH1B	13.2079728962406	-4.85335534276639	1.29124818975925	-3.75865413114056	0.000170829790948852	0.00442201953460474	FOLH1B
FRS2	3105.04306974933	-0.492144820382357	0.155878823539679	-3.15722693568495	0.00159277336255221	0.0280726305149827	FRS2
FRY	110.938132431629	1.07432265493223	0.312308761361655	3.43993761253518	0.000581848293261798	0.0125647780085453	FRY
FST	414.868989578131	0.565673676543569	0.176437950723292	3.20607711790257	0.00134557921627821	0.0245834861388634	FST
FTCD	242.928576610937	-0.795103814351517	0.214813708448833	-3.70136440589827	0.00021444324284047	0.00539937450723327	FTCD
FTH1	22224.3631726612	0.718866603907027	0.128838200087894	5.57960762736992	2.4106174853091e-08	1.23996783525449e-06	FTH1
G0S2	517.779606965183	2.76226964593023	0.185788775975168	14.8677961380155	5.33405094258867e-50	2.28316430524733e-47	G0S2
G6PC	66.4967394067737	-3.43203372792815	0.453510796634344	-7.56770015928712	3.79889571727981e-14	3.37257519789618e-12	G6PC
GADD45B	64.3013629647395	1.18425798110123	0.386706800849896	3.06241829339047	0.0021955640599741	0.0357039827120619	GADD45B
GALNT2	427.998131440509	0.617316689941815	0.175273020653811	3.5220291613568	0.000428257031969679	0.00972016525819912	GALNT2
GATM	602.030065600663	-1.08082532199386	0.154875501625717	-6.97867196973383	2.97983313873041e-12	2.28931411331307e-10	GATM
GBA3	59.7871901779006	-2.70249253968152	0.463223743174883	-5.83409762452793	5.40824510261347e-09	3.02886997919731e-07	GBA3
GBP1	327.448504033606	1.35254269260482	0.193750628037348	6.98084288193427	2.93414312665982e-12	2.268755185356e-10	GBP1
GBP2	365.482430846363	1.26822391940989	0.198445400098427	6.39079524534639	1.65025236136978e-10	1.08078003011021e-08	GBP2
GBP3	198.776513496284	1.42170654132888	0.253705079338204	5.6037764203911	2.09731211638141e-08	1.08815089674594e-06	GBP3
GCH1	207.328254134098	0.942373770230448	0.236429794797193	3.98585030722886	6.72388945929065e-05	0.00191405029796494	GCH1
GDF15	217.628643654579	0.898513673695682	0.222311196669642	4.04169329820525	5.30666112036867e-05	0.00153111308257913	GDF15
GGH	172.730719864335	1.43625683504264	0.281081695454815	5.10974872525459	3.22587555476811e-07	1.39574435104317e-05	GGH
GJB1	142.538799214273	-2.28914982340463	0.288791500858785	-7.92665233082463	2.25132436052961e-15	2.21164938204487e-13	GJB1
GK	362.751395329705	1.51076758498243	0.210673775667745	7.17112312718536	7.43849639658883e-13	5.98324693376625e-11	GK
GLRX	567.10027670877	1.39330262596863	0.183541877137073	7.59119742971838	3.16962571838553e-14	2.85623791239478e-12	GLRX
GLS2	68.0085584206054	-2.43206548722933	0.411471578232898	-5.91065243843586	3.40755340989818e-09	1.98250134066163e-07	GLS2
GLYAT	109.127314380411	-5.70182255481521	0.560404327729873	-10.1744798758292	2.57773422621586e-24	4.17488441908069e-22	GLYAT
GLYATL1	156.105538474606	-0.895402515087989	0.279979479861071	-3.19810050198071	0.00138336059428648	0.0251969251102181	GLYATL1
GLYCTK	66.3774222771732	-2.49706718121653	0.458019063162887	-5.45188482761577	4.98387317006256e-08	2.45809547091357e-06	GLYCTK
GNMT	16.7081694021349	-2.75956570387623	0.820088513099374	-3.36496080581224	0.000765545328944846	0.0157107204921301	GNMT
GOLM1	189.176288848637	1.26943389870854	0.247766765567486	5.12350353285287	2.99910024136498e-07	1.31486007837909e-05	GOLM1
GPAM	717.920845040035	-2.18388815778919	0.152310298972827	-14.338414227516	1.25899417508048e-46	4.71532662135611e-44	GPAM
GPD1	451.906253976578	-0.877353759793557	0.199845152718931	-4.39016782672481	1.13263211229766e-05	0.000379178655471717	GPD1
GPR126	268.236776512127	-0.744319950587688	0.213900111898012	-3.47975484436671	0.000501872797962693	0.0110976853940644	GPR126
GPR128	15.5411086650969	3.18706643776077	0.89848685813898	3.54714864095183	0.000389424810759747	0.00895826556037538	GPR128
GPR153	55.0644260613358	-1.34189940172713	0.413089545884195	-3.24844677164334	0.00116036916812608	0.0217637315805808	GPR153
GPX2	440.367682109254	1.82874103702854	0.19179334334877	9.534955724209	1.49949540497351e-21	2.11428852101265e-19	GPX2
GPX3	331.61969684219	0.851442865679592	0.19943579260262	4.26925806330116	1.96124252441504e-05	0.000630174039011107	GPX3
GRHPR	436.09270963822	-1.25275027202571	0.200405252105807	-6.25108503326198	4.0761086099027e-10	2.58477045977163e-08	GRHPR
GSDMD	98.1004014486882	1.33960036942508	0.317253904001829	4.22248663460847	2.4162173093239e-05	0.000760062059114092	GSDMD
GSN	6467.91482823959	-0.317036886472533	0.104475379961619	-3.03456074138234	0.00240886243209575	0.0384936216648901	GSN
GSTA1	927.366331226775	-1.47635977739909	0.140333305718571	-10.5203805314743	6.95919474290072e-26	1.20878186947341e-23	GSTA1
GSTA2	109.808466929604	-1.9157040533051	0.318906371158956	-6.00710498928927	1.88865224949904e-09	1.11504912365744e-07	GSTA2
GSTM1	103.019057764706	-1.67180385754053	0.314837474550693	-5.31005357582153	1.09593013754862e-07	5.19158999941512e-06	GSTM1
GYS1	174.178241395703	0.750644714987886	0.246349972802927	3.04706636029702	0.00231086686998639	0.0370263896213728	GYS1
GYS2	94.3919032199703	-1.00148258371103	0.324153091686413	-3.08953580698799	0.00200469540182262	0.033369825542839	GYS2
H2AFZ	3051.08789839241	0.402702596956487	0.136745523013424	2.94490516458775	0.00323053665743438	0.0487632013090064	H2AFZ
H6PD	351.632449367612	0.609029132593057	0.183900598182388	3.31173002487483	0.000927209783885658	0.0181578582677608	H6PD
HAAO	81.6389753316678	-1.13077389249863	0.366785504149721	-3.08292961337166	0.00204973629853546	0.0338625102561564	HAAO
HAGH	164.742053411837	-0.866020759250431	0.253300666339834	-3.41894386526626	0.000628646939887779	0.0134301846248753	HAGH
HAL	152.531266707585	-0.87719423794369	0.287680561922893	-3.04919537170121	0.00229455207528442	0.0368648710432267	HAL
HAO1	489.244232407489	-0.891263339290224	0.180047167237949	-4.95016585355289	7.41502642396962e-07	2.98218428494214e-05	HAO1
HAO2	140.604919050541	-2.17828426366093	0.287834119319658	-7.56784591350619	3.79463698245341e-14	3.37257519789618e-12	HAO2
HDAC6	146.531587582465	-1.07614302284419	0.26782035007249	-4.01815255096529	5.86562197070689e-05	0.00168180572533306	HDAC6
HECTD1	1471.37056884334	-0.37048167154093	0.12526092536744	-2.95767950343781	0.00309964217645737	0.0471436693970071	HECTD1
HFE2	75.644604889389	-1.9456349178661	0.372124476777331	-5.22845187372696	1.70935315359027e-07	7.90988322230865e-06	HFE2
HGD	1070.64821393197	-1.91276667704951	0.138896662473657	-13.7711493061418	3.80117417545531e-43	1.1389268123208e-40	HGD
HIF1A	1337.02714209425	0.926885645680143	0.132850050446147	6.97693107806438	3.01697616991589e-12	2.29488517907534e-10	HIF1A
HIGD1A	959.654205626854	0.47531788900859	0.152877462320499	3.10914298153453	0.00187630893596757	0.0317620940643663	HIGD1A
HILPDA	27.176200214611	4.27831058436233	0.858252873562974	4.98490679862362	6.19916877426927e-07	2.53573507712004e-05	HILPDA
HKDC1	456.265801675829	0.771301950850626	0.16781714052312	4.59608564683156	4.3050180085558e-06	0.000155408556724522	HKDC1
HLA-A	461.469720674555	1.00399560583085	0.171635382366123	5.84958411249481	4.92803629281509e-09	2.78596768723532e-07	HLA-A
HLA-B	314.145978150252	0.697287152181039	0.208420624744856	3.34557653799686	0.000821116934894941	0.0165118900414696	HLA-B
HLA-C	439.269419211057	0.59700043263945	0.179885575441184	3.31877879132474	0.000904120205948448	0.0178221721517963	HLA-C
HLA-E	387.112366981921	1.90015300060431	0.217298311311065	8.74444439599999	2.24115715980239e-18	2.4642448220396e-16	HLA-E
HLF	44.4841663451604	-2.618960003231	0.506511854022425	-5.17057988363497	2.33368685594601e-07	1.05544290447218e-05	HLF
HMGB2	487.144238772243	0.528696466796816	0.176242196566401	2.9998290823482	0.00270131141396731	0.0423049045339151	HMGB2
HMGCS1	1383.26364612045	-0.421429673762474	0.126473127980436	-3.33216771413817	0.000861723079454564	0.0171272821015969	HMGCS1
HMGCS2	52.6321116635509	-2.56441865771834	0.462054391194606	-5.55003633032951	2.85610238721342e-08	1.45044013181156e-06	HMGCS2
HMGN1	123.122216188704	1.14617595202124	0.31435942899512	3.64606831003957	0.000266283218335232	0.00644728155908638	HMGN1
HNF4A	277.925254130994	-0.630353086623215	0.203970295678203	-3.09041610459643	0.00199876261971343	0.0333173435288811	HNF4A
HOGA1	41.8583612590672	-2.54546728131811	0.513138163042172	-4.96058852108591	7.02799248484098e-07	2.85527084511251e-05	HOGA1
HP	19653.6512084262	1.96199308642247	0.145207000282981	13.5116976633283	1.33409127511532e-41	3.80692474577551e-39	HP
HPD	1435.63437900727	-1.05564417719638	0.135165539687094	-7.81000970839301	5.71835809193884e-15	5.48276173855096e-13	HPD
HPGD	132.299671224571	-1.17513786940057	0.27499550643636	-4.27329844268754	1.92602388471892e-05	0.000622193969227931	HPGD
HPR	431.132182862464	1.3558277436963	0.198233736656959	6.83954087009188	7.94473911886071e-12	5.80595721582595e-10	HPR
HPS5	286.106617884844	0.862499789613505	0.21217921937124	4.06495882193076	4.80409430919519e-05	0.00140090195366677	HPS5
HRG	62.4194879563926	-2.4638579186451	0.43776141257205	-5.62831224471977	1.81981442957375e-08	9.56599821861465e-07	HRG
HS1BP3	72.8926316501851	-1.0752634175455	0.35836864642721	-3.00043943091963	0.00269590364717453	0.0422911062976267	HS1BP3
HS1BP3-IT1	6.25822728174315	-6.13145540374423	1.81757819136648	-3.37342042992633	0.000742405002599395	0.015261962188943	HS1BP3-IT1
HSD17B6	66.1895697076869	-1.65103824779546	0.405018919847979	-4.07644721489841	4.57290302817517e-05	0.00134000593625133	HSD17B6
ICAM1	291.530109924657	4.26303216734805	0.266954452126999	15.9691368073531	2.09667384914909e-57	1.04702650341883e-54	ICAM1
ICAM3	65.1329911808374	-1.35786818639382	0.389257885202938	-3.48835113689708	0.000486009365580477	0.0107867078638556	ICAM3
ID1	706.161137693421	0.506652631058879	0.153881230703219	3.29249141525277	0.000993039294637819	0.0192957818940474	ID1
IDH1	2800.95004241768	-0.441299892699981	0.126745382237129	-3.48178280668521	0.000498087511651463	0.0110343416398203	IDH1
IER3	116.377955207085	3.4181574866025	0.358391140896233	9.53750552554027	1.46309105960507e-21	2.08751742254366e-19	IER3
IFI30	181.294142435853	0.932844129074957	0.25165854448475	3.70678504473146	0.000209906957869747	0.00529628397909246	IFI30
IFIT1	19.4762131363665	-3.06765028562172	0.787271659895785	-3.8965587634995	9.75691421588075e-05	0.00271945620644955	IFIT1
IFITM2	196.416262133155	0.966580448639631	0.242536452823139	3.98529968336132	6.7395012577489e-05	0.00191405029796494	IFITM2
IFITM3	402.605040374312	2.62025688939738	0.194321842950439	13.4841088866457	1.93995173258351e-41	5.40705151511939e-39	IFITM3
IFNAR2	67.8062080654871	1.48083342678643	0.381727761489386	3.87929193572053	0.000104760965289176	0.00288634521607075	IFNAR2
IFNGR1	240.367818640979	1.67452092976295	0.227834898449368	7.34971218702515	1.98634096105492e-13	1.70044974416023e-11	IFNGR1
IFNGR2	60.1511380321227	1.3449864773868	0.40279214215365	3.33915768613417	0.000840328485575451	0.0168135841396023	IFNGR2
IGF1	47.9071565883454	3.01077101074592	0.509666753543726	5.9073325654694	3.47691410712028e-09	2.01308287796312e-07	IGF1
IGFBP1	366.265888200094	1.71007425240502	0.191342301748949	8.93725139069734	3.98970010246533e-19	4.68789762039676e-17	IGFBP1
IGFBP2	442.443449103171	0.951868128428652	0.190633668423594	4.99317951702829	5.93933040804118e-07	2.45582984758183e-05	IGFBP2
IGFBP3	119.917294879521	1.57841809194799	0.303700126014383	5.19729152787128	2.02213112410263e-07	9.26290740084271e-06	IGFBP3
IKBIP	58.8919199704285	1.19662490999599	0.405332295923484	2.95220716935391	0.00315511170001325	0.0477953653945658	IKBIP
IKBKE	39.9358873574878	1.50794196612691	0.488908839551303	3.08430088421151	0.00204031134294071	0.03377504343252	IKBKE
IL1RN	279.713336813251	4.37128440561817	0.279478842607097	15.6408419501132	3.83622184937022e-55	1.83908475458808e-52	IL1RN
IL32	1498.59555181041	2.10307674039743	0.140813704862337	14.9351708518248	1.94574760439102e-50	8.63695742171345e-48	IL32
IL4R	49.8913835151134	1.36230270403817	0.439742468581029	3.09795573858055	0.00194860529231538	0.0327546064914443	IL4R
IL7	12.7783732847228	3.56658624512403	1.05639747188461	3.37617832307118	0.000735002642823882	0.0151879425418004	IL7
IL8	417.548410221733	7.87715438595329	0.571154829640128	13.7916270285529	2.86230694682764e-43	8.79608942505879e-41	IL8
INSIG1	531.203582091875	-1.15783833573967	0.164437234923292	-7.04121749724009	1.90567265869915e-12	1.48308355938373e-10	INSIG1
IP6K3	110.145493303895	1.25815232135344	0.299431444023111	4.20180427429102	2.64796031022394e-05	0.000826684637835845	IP6K3
IQGAP2	218.289324661959	-1.2157499897731	0.228315101248011	-5.32487769371186	1.01020988798023e-07	4.82365159659087e-06	IQGAP2
IRAK2	86.1977168351983	1.26735664704461	0.345625756014089	3.66684665419711	0.000245559951509879	0.00601847856614704	IRAK2
IRAK3	11.4529053360124	5.4192910769929	1.59841598137285	3.39041347192885	0.000697872810906085	0.0145968684794231	IRAK3
IRF1	175.932002030561	1.10280450748904	0.245995939511884	4.48301914932935	7.35943223844284e-06	0.00025566027645721	IRF1
IRF6	45.7182884612445	-2.04626707604194	0.479052462268675	-4.27148848447897	1.941725557753e-05	0.000625580129292196	IRF6
ITIH2	240.198344255083	-1.35908843965082	0.234820701671763	-5.78777096727434	7.13265715165421e-09	3.92132550287045e-07	ITIH2
ITIH3	532.105557228365	1.21578061438977	0.179578926957898	6.77017417903836	1.28627445530174e-11	9.34302990714627e-10	ITIH3
JUNB	518.417148714907	1.38995063037238	0.173293450286424	8.0207914844735	1.05065950283141e-15	1.06713170690122e-13	JUNB
KCNJ8	16.5113490789223	-2.59280474022643	0.803593805926001	-3.22651160462676	0.00125309150447376	0.0231050795094122	KCNJ8
KHK	176.282160543827	-0.829467593437018	0.244188257037464	-3.39683653710571	0.000681696755065737	0.014358762055295	KHK
KIAA0232	476.894297248871	-0.609014480374701	0.168462869904784	-3.61512587740503	0.000300201720085491	0.00717858207650794	KIAA0232
KIAA1161	108.583290858729	-1.38599796988057	0.309473452228665	-4.47856822580207	7.51453541122293e-06	0.000259543823929414	KIAA1161
KIAA1199	45.8681419309895	-1.43829828938201	0.452893023519015	-3.17580138065788	0.00149423219183512	0.0267289146554387	KIAA1199
KLB	62.8200562218954	-1.8757885129149	0.404736833444311	-4.63458810247622	3.5764889131624e-06	0.000131083240441136	KLB
KLHDC7A	25.0811023778158	-2.00443674523498	0.637266270202382	-3.14536770414417	0.00165878199034957	0.0288960787127029	KLHDC7A
KLHL5	403.622560195042	1.46445237572959	0.186853917264097	7.83741864859997	4.59902711146696e-15	4.44510805894609e-13	KLHL5
KLKB1	61.3154168739166	-1.3834465222357	0.399005095507513	-3.46724023781207	0.000525831702090637	0.011521193692059	KLKB1
KMO	92.2104530992223	1.12232130453995	0.328087637829216	3.42079729661795	0.000624378506943853	0.013362815010218	KMO
KNG1	594.644656302854	-1.04844454222224	0.182805506500638	-5.73530066075214	9.73395154455088e-09	5.2550184352001e-07	KNG1
KYNU	382.791624283322	1.82261472674314	0.190735332067245	9.55572681258952	1.22719468395175e-21	1.77203955267008e-19	KYNU
LAMB3	100.412459796552	1.75678789777406	0.322852042494887	5.44146440641422	5.28443525872384e-08	2.5956539580248e-06	LAMB3
LAMC2	55.4717299566366	1.87604491174039	0.431508230702769	4.34764571856486	1.3760664464269e-05	0.000454329376320288	LAMC2
LAP3	626.921508768597	0.532165413964588	0.160181665610473	3.32226170789544	0.000892909024009682	0.0176301724098123	LAP3
LBP	2854.25047198468	3.94904863151289	0.129378987678282	30.5231065907914	1.28658981531003e-204	3.85494473412269e-201	LBP
LCN2	360.611597530896	7.01366040579001	0.473456377682901	14.8137415322504	1.19404625387034e-49	4.93470494918486e-47	LCN2
LDHA	4021.72280102389	0.9573542429519	0.126985264176948	7.53909714766487	4.7323634119717e-14	4.17039525680006e-12	LDHA
LEAP2	156.453972682837	-0.827785422068128	0.260039071516977	-3.18331171250196	0.0014560077530076	0.0262136122650555	LEAP2
LGALS8	284.932357467123	0.824700234088278	0.200830531865528	4.10644848882082	4.01789010640959e-05	0.00119489858375481	LGALS8
LIME1	32.366604772285	-3.13784273760234	0.623907887965239	-5.02933653850064	4.92179879476302e-07	2.06250904039283e-05	LIME1
LINC00844	24.5162771066935	-1.89154418744348	0.627342194925147	-3.01517130960588	0.00256834147350258	0.0405554315677581	LINC00844
LITAF	357.046068776964	1.08755267801334	0.215308447345091	5.05113799028164	4.39185642394979e-07	1.8731814676526e-05	LITAF
LMO4	735.747947181731	0.861960642827134	0.15234345949081	5.65800885517591	1.5313923616352e-08	8.15721664631018e-07	LMO4
LOC101928154	39.7798728765677	-3.22247176005989	0.570765040574378	-5.64588145906242	1.64337054020365e-08	8.71495394882334e-07	LOC101928154
LOC101928505	43.3628918418884	2.45631793396314	0.51793958856505	4.74247960224156	2.11118091753213e-06	7.98186223868222e-05	LOC101928505
LOC101929427	18.8693793502614	-6.32007627218615	1.48548156717891	-4.25456391504653	2.09456825270056e-05	0.00066810709271924	LOC101929427
LOC102724484	12.5244833968921	-4.78391060381608	1.30347166328273	-3.67013011373644	0.000242427037343297	0.00596077688768917	LOC102724484
LOC102724550	90.1476560656687	2.19296402525883	0.352471703615318	6.22167397486238	4.91878326595556e-10	3.0703967417957e-08	LOC102724550
LOC401242	248.80984683557	-1.36216811426398	0.265019045162927	-5.13988763874143	2.7490280702898e-07	1.22026301564531e-05	LOC401242
LOX	1566.40274975928	-0.565926465420357	0.16090813047561	-3.51707812245161	0.000436325342206681	0.00982962260591555	LOX
LPGAT1	628.265746663325	1.27419463337108	0.160114899357915	7.95800165056962	1.7484002291162e-15	1.7462147288298e-13	LPGAT1
LRG1	483.148388235571	3.12088292167312	0.220249733405226	14.1697466481431	1.41008308911996e-45	4.90173012677178e-43	LRG1
LRP6	373.610908904391	-0.547615324714586	0.183439399630499	-2.98526557444936	0.00283332217113754	0.0439862256749785	LRP6
LTBP1	748.005895772397	-0.610547919905756	0.149294647479861	-4.08954996185055	4.3221096584229e-05	0.00127273917091397	LTBP1
LTBR	121.713663501794	0.851369894419423	0.287276462605417	2.96359084450579	0.00304072293975523	0.0465311089445839	LTBR
LYN	106.311901930887	2.27885592297736	0.337011884853701	6.76194527669736	1.36151133425693e-11	9.82994779582485e-10	LYN
LYNX1	18.3204431523724	-2.33014325087696	0.772357807805972	-3.01692198528578	0.00255355521770877	0.0403751441744585	LYNX1
MAFF	49.143334248025	1.41220093261572	0.446229435098115	3.1647417708005	0.00155220643567279	0.0275602876022791	MAFF
MALAT1	578.180242378966	-0.658339022422574	0.158653816281221	-4.14953158930408	3.33156311540139e-05	0.00100576281959914	MALAT1
MAMDC4	17.3363692089092	-2.70031884689854	0.826629182339048	-3.26666285753142	0.00108823194580213	0.0207023172546643	MAMDC4
MAN1C1	25.4823441240854	-1.90016999234731	0.617997312558777	-3.07472209624956	0.00210698779950721	0.0345447999686648	MAN1C1
MAOB	201.972033138791	-1.14258891680748	0.23074892565561	-4.95165432974879	7.3585228433293e-07	2.96942411708087e-05	MAOB
MAP1LC3B	304.43102928717	0.736805017077337	0.206876040051097	3.56157734310532	0.000368633479654717	0.0085621555303523	MAP1LC3B
MAP3K8	43.664724620971	1.7271521732741	0.47747115835887	3.61729110342611	0.000297702424025728	0.00716458544567942	MAP3K8
MARC1	16.5608889623147	-2.80475915601654	0.824478194672166	-3.40185971459413	0.000669289841252893	0.0141222513158731	MARC1
MARCKS	801.846283640698	0.656311241761754	0.149709503900572	4.38389831414869	1.16574203533767e-05	0.000389175997034037	MARCKS
MAT1A	922.376660132646	-1.2693442072899	0.139812605411615	-9.07889673862303	1.09680933822145e-19	1.35518143490557e-17	MAT1A
MBNL1	2315.99928751058	-0.396758732609668	0.123165016062879	-3.22135899699889	0.00127584224801572	0.0234884321696903	MBNL1
MCL1	1418.19195343054	0.459891630530674	0.127163618045224	3.61653464725359	0.000298573369555666	0.0071651400346333	MCL1
MCM3	564.305715614681	0.537322819609244	0.159878418683544	3.36082145441279	0.000777110429824445	0.0159114860991846	MCM3
MED13	764.552434627778	-0.441807719680186	0.147889893586351	-2.98740981527733	0.0028135229105536	0.0437923014064739	MED13
MED13L	540.404586257684	-0.544456960435932	0.177873526260588	-3.06092183520493	0.00220656690659231	0.0358106434589892	MED13L
MEGF9	136.780084549772	-1.02239024898991	0.272411372638082	-3.753111476547	0.000174653138800404	0.00451124540629922	MEGF9
METTL7A	361.24904119491	-1.55669988960205	0.186957262905677	-8.32650128381175	8.32666398116943e-17	8.75395331704524e-15	METTL7A
MKNK2	508.485991447029	0.512948007966177	0.168254077160141	3.04865128158507	0.00229871141737982	0.0368809321784433	MKNK2
MLXIPL	180.171882890116	-1.04876190379198	0.247858263802681	-4.23129690211538	2.3234773487074e-05	0.00073474606924164	MLXIPL
MME	143.61585220642	-2.24234067054868	0.285219960148149	-7.86179434771661	3.78669370690656e-15	3.68971740465651e-13	MME
MOGAT2	43.8670384231879	-2.48671674115185	0.498790492029725	-4.9854934704803	6.1803866643533e-07	2.53573507712004e-05	MOGAT2
MPDZ	240.868425384127	-1.05248404844337	0.230109625894565	-4.57383755395618	4.78871175257622e-06	0.000170811637960196	MPDZ
MSMO1	961.370001452424	-0.480822518279066	0.148534513343656	-3.23710972928302	0.0012074697306252	0.0224976480806409	MSMO1
MT1A	36.5229827293222	4.11273756049146	0.702952498744937	5.85066212558375	4.89619941004055e-09	2.78108767437611e-07	MT1A
MT1E	1282.28792105947	2.56568383125193	0.165430063932739	15.50917511762	3.00717290855612e-54	1.38619105034789e-51	MT1E
MT1F	78.6009850517368	3.36953409631252	0.435449759654325	7.73805478498227	1.00949350728886e-14	9.45217162879448e-13	MT1F
MT1G	1016.1832303406	2.27351982567746	0.163841905989188	13.8763023534863	8.81768242351906e-44	2.78105062752305e-41	MT1G
MT1H	208.747874773383	2.65124285890462	0.275524656205872	9.62252487822219	6.42347138771827e-22	9.5043585903461e-20	MT1H
MT1L	56.670568275579	1.26490555551204	0.425554257340348	2.97237199180549	0.00295508407249921	0.0455227282890784	MT1L
MT1M	259.309411394219	2.0240211458737	0.248675767724536	8.13919733472281	3.97906982675499e-16	4.11113378221194e-14	MT1M
MT1X	972.173418593409	2.75542178862788	0.163276358713924	16.8758160111571	6.77818229702334e-64	3.69256885590113e-61	MT1X
MT2A	2221.45765835066	2.77573112244424	0.131389459762094	21.1259801773312	4.59000842914919e-99	3.43820318895957e-96	MT2A
MTSS1	65.4035150412868	-1.40734764493104	0.400692964592072	-3.5122843905278	0.000444272321113347	0.00997116810588663	MTSS1
MTTP	736.024191138886	-0.531682820039098	0.170312130043527	-3.12181416498764	0.0017974035731805	0.0307872944559628	MTTP
MVK	84.6159213837778	-1.05191063314844	0.334824061634526	-3.14168171789471	0.00167980533097134	0.0291693622086896	MVK
MYL12A	811.42877106324	0.478175791187314	0.160363067021801	2.98183241358378	0.00286528798065393	0.0443675406306685	MYL12A
MYLK	146.707021070038	-1.00295948230421	0.266780040432983	-3.75949970123855	0.000170253480921027	0.00441664062519158	MYLK
MYO1B	1647.91068890233	0.850411180635002	0.120621744417014	7.05023115645683	1.78620808225597e-12	1.39919633110051e-10	MYO1B
MYO5A	707.060381339084	-0.602142956055005	0.172045333836335	-3.49990867306996	0.00046541758241189	0.0104067718753853	MYO5A
NAMPT	3130.55299918698	1.89930600181955	0.142284575259476	13.3486430159832	1.20626280358784e-40	3.19675787553684e-38	NAMPT
NAV2	327.354484955497	-0.646651517348051	0.197757358102591	-3.26992392876014	0.0010757640986363	0.0205630505935504	NAV2
NBPF13P	13.6890397128183	-7.27607016224861	1.63275506428785	-4.45631455776385	8.33806617699038e-06	0.000286337315562263	NBPF13P
NCOA7	219.11921845642	2.61660534459006	0.251032142857921	10.4233876777724	1.93920321244922e-25	3.22796534738943e-23	NCOA7
NDRG1	521.805006772077	1.17236866622808	0.178158398680405	6.58048497804009	4.68916209673823e-11	3.24853223869408e-09	NDRG1
NEAT1	393.056443750419	-0.555354263933281	0.188563055440988	-2.94519126577837	0.00322755076181977	0.0487632013090064	NEAT1
NEU4	36.0414001135995	-1.97719791588836	0.556307745034587	-3.55414414689738	0.00037921130824006	0.00874009140241753	NEU4
NEURL3	13.7474622095558	5.70210684275149	1.55950701005697	3.65635217153861	0.000255829832023535	0.00624464467780462	NEURL3
NFIL3	199.799674267633	0.795090683056632	0.229781194439294	3.46020780767891	0.000539758666705415	0.0117832561392794	NFIL3
NFKB1	270.510275443439	0.74053079027648	0.20809867731824	3.55855596883014	0.000372899335616014	0.0086237138226057	NFKB1
NFKB2	423.563057487726	0.659165247036333	0.173292997327594	3.80376158991724	0.000142515346719361	0.00382113295398554	NFKB2
NFKBIA	760.787274121213	1.09085318724495	0.149835179147162	7.28035427630486	3.32944656715586e-13	2.75195980050779e-11	NFKBIA
NFKBIE	48.5579707507567	1.80333331537855	0.45892396970001	3.9294816449822	8.51291741958283e-05	0.0023893984841616	NFKBIE
NFKBIZ	210.845753502982	1.72255089505444	0.2367809676137	7.27487057939862	3.46752724410169e-13	2.84645986442183e-11	NFKBIZ
NIFK	83.3490354160071	1.12476533135462	0.342644874046003	3.28259786312639	0.00102855277291215	0.0198825886828261	NIFK
NIPSNAP1	455.903455424417	-0.914901521787063	0.176043010173333	-5.19703407074354	2.02493261495268e-07	9.26290740084271e-06	NIPSNAP1
NNMT	3368.46701784891	3.84622503541268	0.154986633827677	24.8164950771764	5.95029959293405e-136	7.13143406213145e-133	NNMT
NOD2	26.6556630472581	4.06346762183956	0.79344311969024	5.12130929237365	3.03421500284639e-07	1.32236606578596e-05	NOD2
NOS2	50.7343528743156	6.64875962028909	1.10007665633204	6.04390574240335	1.50427413962617e-09	9.01436278170982e-08	NOS2
NPM1	2638.50705136431	0.544442990526097	0.148796199040453	3.65898453076802	0.00025321662266232	0.00619347188287328	NPM1
NR0B2	47.6917723746286	-2.76441288940968	0.504716838274053	-5.47715606014445	4.32216006415303e-08	2.15837868203642e-06	NR0B2
NR1I2	172.876970163974	-0.779935707852407	0.250141649549299	-3.1179761917205	0.00182097512979524	0.0310888702715041	NR1I2
NSDHL	231.927118069615	-0.839415983202394	0.222956561563051	-3.76493060943178	0.000166595340160727	0.00434053293875287	NSDHL
NTN4	52.7609603689403	2.39317511530051	0.493448582268687	4.84989764140696	1.23525201801525e-06	4.82231121690969e-05	NTN4
NUCB2	195.525371920202	0.813102800275641	0.242650571490581	3.35092060686617	0.000805433906265059	0.0162784576165038	NUCB2
ODC1	929.425431532843	0.638813192053591	0.144350306210629	4.42543704148063	9.62472250471577e-06	0.000325853952596097	ODC1
ORM1	8817.74033440587	2.63686302065986	0.129497755232545	20.3622295685723	3.61742170494005e-92	2.55028230198273e-89	ORM1
ORM2	1377.19306613616	1.96224345270729	0.162090696093131	12.1058364237011	9.83616086109048e-34	2.22427147019188e-31	ORM2
OSGIN2	150.959314613744	0.844861556844833	0.261055228889584	3.23633263519949	0.00121076203688055	0.0224976480806409	OSGIN2
OSMR	55.0416540240772	3.57323670835846	0.515343403130777	6.93370029896685	4.09972737829911e-12	3.0902662030764e-10	OSMR
OTC	72.2655404799313	-1.90016261893947	0.423804710074155	-4.48358070066515	7.34008251233517e-06	0.00025566027645721	OTC
P4HB	4009.36085016565	0.403712117290372	0.107796988552058	3.74511498617059	0.00018031117257796	0.00464737506096098	P4HB
PAG1	19.926025592377	2.44012221003906	0.735435925729998	3.31792631372607	0.000906884054332729	0.0178472994929027	PAG1
PAH	853.386528219784	-2.00958571018016	0.156844665025271	-12.8125856869686	1.39410371985789e-37	3.34166661649935e-35	PAH
PALMD	34.895481916602	-1.87065732597727	0.552448140721413	-3.3861229463719	0.000708876168580323	0.0147242302953816	PALMD
PANK1	66.5863374232676	-1.29192107271534	0.378227422856249	-3.41572555199509	0.000636123237312384	0.0135354892640834	PANK1
PANX1	85.0459928193472	1.28569548646402	0.337244374859283	3.81235561601429	0.000137648639198127	0.00371558319997647	PANX1
PARP1	523.342317180094	0.941948386348146	0.1663429249934	5.66268981013482	1.49018394240641e-08	7.97314935256285e-07	PARP1
PBLD	42.1433643574118	-1.66731862276376	0.492068924011541	-3.38838431244776	0.000703056800538279	0.0146287079070335	PBLD
PCDH18	401.347842644307	-0.776572470640454	0.175432440766845	-4.42661840219473	9.57218504094495e-06	0.000324993307976559	PCDH18
PCDH19	96.2735787014492	-1.17404279837672	0.318098495230103	-3.69081531658127	0.000223536398785484	0.00558452641213285	PCDH19
PCDH9	229.879089438196	-0.724374295392622	0.217906251573152	-3.32424742366534	0.000886575007462602	0.0175339958159064	PCDH9
PCK2	465.643239741429	-0.686187976973078	0.166389418954358	-4.12398805936875	3.72368206538476e-05	0.00111292592403083	PCK2
PCTP	91.5083785654151	-1.18523617644815	0.329437839397197	-3.59775361147609	0.000320977463103606	0.0076176532580133	PCTP
PCYOX1	151.59662208628	-1.24516805109245	0.264234093098686	-4.71236711542522	2.44855749461749e-06	9.22828980282724e-05	PCYOX1
PDP1	851.621239782365	-0.632969298561482	0.140211276478154	-4.51439651974143	6.34973166707012e-06	0.000222519105350396	PDP1
PDZK1	95.2845410134773	-1.61118312324849	0.345552714379603	-4.66262615283218	3.12199588286866e-06	0.000115129602019018	PDZK1
PDZK1IP1	13.9427610070705	4.07703872521747	1.09916367498064	3.70921894347472	0.000207899594565863	0.00525670177399128	PDZK1IP1
PEBP1	1254.88455176435	-0.504641176558428	0.132946492254008	-3.7958216723331	0.000147155251761094	0.00392796368008176	PEBP1
PEG10	28.9632575964312	-2.21167134007873	0.612303611915669	-3.61205012846362	0.000303785822182608	0.00723831626015617	PEG10
PEPD	350.114504192835	-0.725239279936978	0.19465943492145	-3.72568265303776	0.000194787343079307	0.00498561528995972	PEPD
PFDN1	488.779343494614	0.542267217135228	0.182022747658122	2.97911785264182	0.0028907956856148	0.044704756505927	PFDN1
PFKFB3	77.3967777568787	1.31653572205677	0.352638652193775	3.73338462436424	0.000188923755885392	0.00485890818516401	PFKFB3
PFKP	79.7246280030163	1.18666181687358	0.353349586096268	3.35832236280101	0.000784171045184808	0.0159834863546597	PFKP
PGD	664.172964519396	0.507203418741749	0.159360401034327	3.1827443671687	0.0014588635278091	0.0262136122650555	PGD
PGK1	8713.86363934061	0.600202128199183	0.117156750669632	5.12306909135506	3.0060213723477e-07	1.31486007837909e-05	PGK1
PHYH	105.602396577998	-0.97899928716504	0.308603061638458	-3.17235766219319	0.00151206660372008	0.0270076277877574	PHYH
PHYHD1	57.3306544294153	-1.62821193044017	0.430114032911421	-3.78553547629889	0.000153377950187494	0.00405791331787442	PHYHD1
PIGR	263.802841137416	6.18811277943211	0.436745585461198	14.1686899316854	1.43146061274103e-45	4.90173012677178e-43	PIGR
PIK3AP1	399.121598082713	2.09035792245013	0.188251895182005	11.1040471620705	1.1988920290492e-28	2.28074936002455e-26	PIK3AP1
PIK3R1	476.148072951542	-0.817260502843491	0.165885101806434	-4.92666607153863	8.36445225864365e-07	3.34159867732814e-05	PIK3R1
PIM3	185.168520309779	1.27841479237548	0.240371036389828	5.31850597133582	1.04622787146817e-07	4.97580993632779e-06	PIM3
PIPOX	542.972255622145	-2.29710662137758	0.168011081612829	-13.6723518432618	1.48516314694675e-42	4.34138544296507e-40	PIPOX
PKLR	96.7800566132923	-1.1309093023075	0.33054494501933	-3.42134804766525	0.000623115339316858	0.0133596374628131	PKLR
PLA2G2A	80.313200335453	4.79636109130426	0.538239717622452	8.91119873592951	5.04837318203214e-19	5.87424782394711e-17	PLA2G2A
PLEC	1578.9227930554	-0.506085708776877	0.130653250440946	-3.87350262675342	0.000107282249825595	0.00294228321318022	PLEC
PLG	362.16656763571	-0.9814407397993	0.222716254088365	-4.40668663280365	1.04963870818572e-05	0.000353368537011402	PLG
PLIN2	1554.62413428644	0.450721426698373	0.132002379007854	3.41449472415612	0.000639004310774557	0.0135354892640834	PLIN2
PLIN3	54.6320271294588	1.37425872015138	0.417881918595864	3.28862929692929	0.0010067652985177	0.0194928628477135	PLIN3
PLOD2	603.732128344663	0.819445201359614	0.164220769689684	4.98989989456304	6.04105906195517e-07	2.48804442809391e-05	PLOD2
PLSCR1	69.972135775339	2.31437639675836	0.402567416974225	5.74904053128211	8.97513028714075e-09	4.88940620415372e-07	PLSCR1
PLSCR4	53.7231496827834	2.26426810001393	0.454495288131143	4.98193965733829	6.29500669759709e-07	2.56617875070412e-05	PLSCR4
PLXNA2	208.337481046572	-1.02485957689989	0.26375523364812	-3.88564641059282	0.00010205796213738	0.00281835178851728	PLXNA2
PNMA1	34.6400459847505	1.69018605738036	0.569895601838738	2.96578189395929	0.00301914517269043	0.0463309281622212	PNMA1
PNRC1	518.422162727577	1.27526855207337	0.177828750333676	7.17132943734056	7.42729322276528e-13	5.98324693376625e-11	PNRC1
PNRC2	252.085179059855	0.804026694849418	0.213838369078046	3.7599739388022	0.00016993105869202	0.00441664062519158	PNRC2
PON1	231.138463823312	-1.14909668821693	0.234645198651059	-4.89716684945152	9.72282792746046e-07	3.85854611624548e-05	PON1
PPA1	762.129797663345	0.967985700092732	0.162442830952658	5.9589314863322	2.53892507543744e-09	1.4916184818195e-07	PPA1
PPAP2B	312.374004226816	0.967897463152049	0.213787235655842	4.52738658686895	5.97176324584502e-06	0.000210504654416037	PPAP2B
PPARA	135.543073131486	-0.833179393827154	0.273246623712083	-3.0491845882973	0.00229463444290756	0.0368648710432267	PPARA
PPIB	1020.38571988687	0.672411118312998	0.168176154440696	3.99825480936485	6.38112361634898e-05	0.00182524502486736	PPIB
PPP1R3B	149.551583070812	-2.33910120402433	0.287315369503528	-8.14123243064311	3.91274427742101e-16	4.07776001433833e-14	PPP1R3B
PPP4R4	13.3041205083518	2.78876455491733	0.943089860649634	2.95705072366734	0.00310597018535472	0.0471800414087152	PPP4R4
PRDX5	514.114560834667	0.476496241870964	0.160800504815524	2.96327578335415	0.00304383724760566	0.0465311089445839	PRDX5
PRELID1	811.983891668005	0.476926391065479	0.151884575730177	3.14005809196016	0.00168914335714603	0.0292548889239815	PRELID1
PRKAB2	161.63216758848	-1.16528856219579	0.257307214782315	-4.52878308593731	5.93243617581486e-06	0.000209735243560888	PRKAB2
PRKAG2	166.144661726058	0.912807017268388	0.252525407689527	3.61471356732016	0.000300679866700625	0.00717858207650794	PRKAG2
PSMA4	1366.95800515924	0.487560483619535	0.132168500522998	3.68893103644387	0.000225198245763508	0.00559958708604904	PSMA4
PSMA6	1556.47308360074	0.670048020519915	0.139127615515686	4.81606773778402	1.4641483859853e-06	5.69734363832266e-05	PSMA6
PSMB8	113.411417561933	1.61111230508006	0.305836988617074	5.26787918088373	1.38008885627577e-07	6.41099416374618e-06	PSMB8
PSMB9	73.764186403088	2.23920726359293	0.397462148967489	5.63376228254654	1.76320024222417e-08	9.30923123482674e-07	PSMB9
PSME4	1802.78195285094	-0.404119317337048	0.121868587110806	-3.31602529345492	0.000913075644325972	0.0179396911430275	PSME4
PSTPIP2	62.6236379912997	2.69191736733758	0.431204689235038	6.24278314809858	4.29852663781597e-10	2.69726920179185e-08	PSTPIP2
PTPRN	647.340016684749	0.524638396927634	0.153624127391584	3.41507812500274	0.000637637199241032	0.0135354892640834	PTPRN
PTTG1IP	386.998552676279	1.06014509283915	0.196878281896449	5.38477419970956	7.25356489551171e-08	3.50540222873822e-06	PTTG1IP
PTX3	266.248995720169	2.20234041422296	0.24097667389286	9.13922654274056	6.29005785175624e-20	8.01982376098921e-18	PTX3
RAB17	75.3507026461309	-1.40753828962626	0.369540951063292	-3.80888311721964	0.000139595922435333	0.00375967894469093	RAB17
RAB24	260.764186584286	0.799914744282965	0.23340811279134	3.42710771582333	0.00061004702795402	0.0131264158528347	RAB24
RAB27A	113.468922846867	1.84713503989	0.307282640009027	6.0111923011197	1.84163790752996e-09	1.09267476840329e-07	RAB27A
RAB8B	110.301377195744	1.43490346022435	0.308525455075386	4.65084302322393	3.30580892575713e-06	0.000121534110353372	RAB8B
RARRES3	47.8206290667725	1.49772535560396	0.458236212069955	3.26845700133214	0.00108135606883053	0.0206042169871762	RARRES3
RASD1	152.914065364804	2.66334533579563	0.301580217674731	8.83129986552428	1.03466193246545e-18	1.18099269148556e-16	RASD1
RASSF5	60.1183849769964	1.25994290789482	0.401844530814574	3.13539891992757	0.00171620560247705	0.0296320516686396	RASSF5
RBM8A	364.238755445973	0.590102527970624	0.191588473492339	3.08005234977887	0.00206964213987195	0.0340255981431623	RBM8A
RBP1	836.235533957225	0.514458102609227	0.15199932524114	3.38460780528508	0.00071280021795451	0.0147801221664097	RBP1
RBP4	3678.98307085632	-0.487889960721122	0.1287413725031	-3.78969053409288	0.000150835079268086	0.00399946554209738	RBP4
RBP5	80.378608361712	-1.75747977873403	0.369019784448352	-4.76256247713462	1.91149988146686e-06	7.29596371954787e-05	RBP5
RCAN1	341.915652139069	1.31172992566181	0.190565991590246	6.88333692027423	5.8466523098815e-12	4.32543999592159e-10	RCAN1
RCN1	555.512921201357	0.859411441034182	0.182745662841747	4.70277339374346	2.56651216467043e-06	9.64252297604236e-05	RCN1
RFTN1	79.5335997768947	1.02260152659264	0.345625933159801	2.9586944395166	0.00308945270666384	0.0470483998594233	RFTN1
RGN	62.165701543092	-1.68837390424245	0.397164084144195	-4.25107398087252	2.12747873296415e-05	0.000676335082614731	RGN
RGS14	58.6082835259661	1.34868951052305	0.409708357734238	3.29182816279743	0.000995384109583678	0.0193036869795475	RGS14
RHOD	211.229924647283	0.697468168584308	0.223426601838807	3.12168811969625	0.00179817322646425	0.0307872944559628	RHOD
RIPK2	97.5842331503098	1.04259929978511	0.324887265448208	3.2091110076191	0.00133146075595213	0.0243999344955448	RIPK2
RIT1	219.645756799771	0.693019699011168	0.229207020395983	3.02355354479934	0.00249824814887912	0.0398158298727609	RIT1
RND1	82.5577135610373	2.48698667946442	0.372788665211547	6.67130444551775	2.53539635341405e-11	1.78745442915691e-09	RND1
RNF125	33.7633423621921	-1.65123446605256	0.535178488326243	-3.08539020545604	0.00203285262814112	0.0337097027380643	RNF125
RNF144B	42.1852097847491	1.54572587647182	0.476212666259148	3.24587308568281	0.00117091026764707	0.0218929166267553	RNF144B
RNF149	159.831285901794	0.78197307510278	0.260707426911512	2.99942768936995	0.00270487320820583	0.0423049045339151	RNF149
RNF152	64.9848341299391	-1.13482103082461	0.378523837111415	-2.99801734940828	0.00271742203272614	0.0424066446122693	RNF152
RP11-115J16.1	10.3882577040161	-6.87266271671163	1.67729687574769	-4.09746349384214	4.17702016245923e-05	0.00123914818433351	RP11-115J16.1
RP11-372E1.4	46.495100496004	-1.43387856649167	0.449130388732162	-3.19256635147608	0.00141014543019045	0.0255682193356015	RP11-372E1.4
RP11-432I5.1	42.3906580783136	-3.47755740722968	0.59017787873867	-5.89238860436776	3.80652698492216e-09	2.19332816895635e-07	RP11-432I5.1
RPL11	6096.44394750616	0.452932402909402	0.130459455923358	3.47182501800016	0.000516933160220232	0.0113824247133261	RPL11
RPL12	4442.18681945774	0.414389387311208	0.133094089357774	3.1135070633924	0.00184878084584791	0.0314088493550093	RPL12
RPL13	4144.92027299008	0.529539787273181	0.12946076995803	4.0903494351598	4.30723754121567e-05	0.00127148379141551	RPL13
RPL14	2241.07851951069	0.449222794808482	0.149437217216354	3.00609716358744	0.00264624425138644	0.0416210463948378	RPL14
RPL21	2093.88454181672	0.483592964323908	0.151329863774108	3.19562148714924	0.00139530027556251	0.0253373845494192	RPL21
RPL22L1	1704.1561490806	0.570287918847713	0.148840250153085	3.83154367357727	0.000127341763647415	0.00346075065150628	RPL22L1
RPL23A	706.993057198819	0.541267547718337	0.17296901614929	3.12927459361373	0.00175238463282731	0.0301324674669085	RPL23A
RPL26	2720.00607804656	0.374882525197351	0.12402487449675	3.02263982703868	0.0025058028789933	0.0398831972174431	RPL26
RPL27A	3448.41536644767	0.484367500505459	0.14266163365793	3.39521907948188	0.000685737051991103	0.0143932724485348	RPL27A
RPL30	10216.6700769733	0.470643868724149	0.140341650484272	3.35355802856896	0.000797796832734236	0.0161549992625991	RPL30
RPL36AL	1179.6641961909	0.452289818375286	0.135593415306445	3.33563261426153	0.00085105551645854	0.0169993117853448	RPL36AL
RPL41	692.398261931532	0.533077997206266	0.179336687811657	2.97249828638586	0.00295386859081984	0.0455227282890784	RPL41
RPL5	9603.51735304866	0.406110276894562	0.134076187279017	3.02895156206549	0.00245404025861674	0.039163345538644	RPL5
RPL7	2680.81885484652	0.392502402294964	0.126484174794961	3.10317399731022	0.00191457040083217	0.0322277054128842	RPL7
RPLP2	2017.61839859737	0.454943808492473	0.148932241415472	3.05470329438827	0.00225283274344443	0.0363884102832635	RPLP2
RPS15A	794.24636280132	0.658539938991693	0.180163663643876	3.65523172471342	0.00025694978281252	0.00625923403863426	RPS15A
RPS16	1369.18172703154	0.432803395031973	0.134011353690022	3.22960244124596	0.00123962462351055	0.0229627528790943	RPS16
RPS17	3821.81107065937	0.452077219555167	0.134785527390734	3.35404867500816	0.000796383523295022	0.0161549992625991	RPS17
RPS21	4541.78262590677	0.38905736237682	0.127948380638073	3.04073690058919	0.00235999953228631	0.0377631433837803	RPS21
RPS24	4532.23282456906	0.423442473084247	0.117746227619761	3.59622963422381	0.000322862814545833	0.00764725460935141	RPS24
RPS27A	6085.2262372713	0.438370270190607	0.141574854206333	3.09638510770931	0.00195895760416612	0.0328365131271761	RPS27A
RPS3	5894.03931240337	0.406338947138979	0.132902770017231	3.05741518469702	0.00223254811526515	0.0361094320667379	RPS3
RPS3A	1561.88172871589	0.400591115817412	0.129791360702909	3.08642357740867	0.00202580013754914	0.0336743615097455	RPS3A
RSL24D1	266.004619380972	0.693390587041932	0.22316635018848	3.10705707404505	0.00188959913185813	0.0319419542952323	RSL24D1
RTP3	26.3959821849581	-2.13131379245899	0.613949692779769	-3.47147953248267	0.000517598787547996	0.0113824247133261	RTP3
S100A9	56.2152140820687	2.31570981803954	0.46239788369812	5.0080458835996	5.49854284345704e-07	2.29616850100462e-05	S100A9
S100P	36.7423825424546	1.5931106478715	0.509243264063794	3.12838825821352	0.00175767830047981	0.0301801925949148	S100P
SAA1	8609.15668346183	4.59367209837754	0.140602760610334	32.6712795569387	3.99656568017327e-234	4.78988396768767e-230	SAA1
SAA2	1662.19872265676	5.59882883235142	0.178909311845664	31.2942282019465	5.59118958979791e-215	2.23368024112426e-211	SAA2
SAT1	3585.44265243361	0.410597417687242	0.12626488402599	3.2518733997548	0.00114647074994631	0.02157056819169	SAT1
SAT2	141.535159143517	-0.996434845697424	0.271159185981543	-3.67472280937312	0.000238107777827895	0.0058718553853237	SAT2
SC5D	320.723521335763	-0.814978427655504	0.2102265425029	-3.87666760796516	0.000105896869697964	0.00291094950305069	SC5D
SCGN	275.607256565399	-0.723056472055864	0.205753878220733	-3.5141814983442	0.000441111305758202	0.00991879737244287	SCGN
SDC1	749.735556827756	-1.03367188512702	0.150643900703618	-6.86169091678459	6.8050177930153e-12	5.00356676376003e-10	SDC1
SDC4	736.540201888244	1.93329307922846	0.161882412800063	11.942576378672	7.09896525974156e-33	1.5469290661455e-30	SDC4
SDS	326.700361851253	-2.21684013932749	0.207232222854397	-10.6973718121291	1.04705934734714e-26	1.90136458756901e-24	SDS
SEC14L2	158.084221303235	-2.08192280704411	0.267891304495017	-7.77152065823338	7.75494281586875e-15	7.37642774985611e-13	SEC14L2
SEC16B	144.941962259944	-0.773446066728548	0.262018001981137	-2.95188140082158	0.00315844216875228	0.0477953653945658	SEC16B
SEC61G	936.629078296385	0.411213227811977	0.137742804380673	2.98536994118058	0.00283235554303696	0.0439862256749785	SEC61G
SELENBP1	206.523234942686	-1.51470808962792	0.239682052804671	-6.31965586035066	2.62146432378352e-10	1.6891532215347e-08	SELENBP1
SEMA4G	35.7161966094786	-1.64926133971433	0.526820013192721	-3.13059735471932	0.00174451165580976	0.0300401899351724	SEMA4G
SEPP1	662.802443535496	-1.08205369995118	0.149905939618255	-7.21821765506224	5.26733635735097e-13	4.29449158114636e-11	SEPP1
SERINC2	335.074286619854	1.00006939385834	0.188979169080748	5.29195571513505	1.21015200057866e-07	5.67883401254313e-06	SERINC2
SERPINA1	21391.0492476812	2.58632601439568	0.132005208162989	19.5926058553864	1.78800220722648e-85	1.19051146964496e-82	SERPINA1
SERPINA10	419.98144317601	1.95080012266369	0.21130389919567	9.23220125179626	2.65126337442496e-20	3.45384690679164e-18	SERPINA10
SERPINA3	15268.5968735389	3.57440178073094	0.135426598213559	26.3936466534759	1.62073919620669e-153	3.23742654442286e-150	SERPINA3
SERPINA4	203.304682105051	-1.48685843081002	0.267815407565844	-5.55180317788278	2.82737832643593e-08	1.44196294648232e-06	SERPINA4
SERPINA5	143.064981593656	-2.66731134035958	0.296580922394891	-8.99353646492513	2.39400439907843e-19	2.86921427229549e-17	SERPINA5
SERPINB8	170.158531218595	0.784820057810939	0.244736688875622	3.20679364183846	0.0013422324098818	0.0245597792861578	SERPINB8
SERPINC1	959.392633436011	-0.542266991623644	0.143360100592606	-3.78255169591874	0.000155228840950621	0.00409783625284844	SERPINC1
SERPIND1	208.700717387027	-1.10464780149729	0.253382833080524	-4.35960000946961	1.3030039435393e-05	0.000432590090396636	SERPIND1
SERPINF2	284.866935812508	2.44470214271258	0.242049705487037	10.1000004845844	5.5241916463127e-24	8.82765825080769e-22	SERPINF2
SERPING1	480.144621937601	1.6424333615943	0.187804868423042	8.74542484114213	2.22178079490872e-18	2.4642448220396e-16	SERPING1
SERTAD4	41.1269019895041	-1.44851047991109	0.481789826444056	-3.0065194414795	0.00264257154982542	0.0416178975356867	SERTAD4
SF3B14	501.432230093747	0.56541281082964	0.182151816470377	3.10407451205182	0.00190875253373245	0.0321749635960385	SF3B14
SGK1	1323.13322391752	-0.629069035463222	0.125735665962201	-5.00310735740114	5.64135026759998e-07	2.34762440823562e-05	SGK1
SGK2	93.6903016328363	-1.15549118957571	0.329256680143053	-3.5093933069898	0.000449130212721512	0.0100613562606866	SGK2
SHMT1	602.864854164359	-1.09035291426724	0.156288489915975	-6.97654008208438	3.02538054479686e-12	2.29488517907534e-10	SHMT1
SHROOM3	43.2741435575099	-1.42821418159105	0.472923670557121	-3.01996764067353	0.00252801693449552	0.040130176105866	SHROOM3
SIPA1L2	133.445638689007	1.7586693712437	0.289371306343851	6.0775527244361	1.22030563799563e-09	7.3865470057463e-08	SIPA1L2
SIRPA	129.103595182194	0.820312694176825	0.277684085627674	2.95412210002096	0.00313559918914061	0.0475698180782914	SIRPA
SLC10A1	25.1550513332733	-2.76152563660825	0.666210392229518	-4.14512542706909	3.39627755852836e-05	0.00102272327987343	SLC10A1
SLC11A2	426.481704439053	0.748175780935499	0.172897683194348	4.32727476223323	1.50965593821012e-05	0.000495704833409542	SLC11A2
SLC13A5	41.8747900852062	-1.9147617460155	0.514391496008486	-3.72238219502742	0.000197351993725991	0.00503247584001276	SLC13A5
SLC16A1	299.234323697393	0.820611484780594	0.19970521238106	4.10911400356829	3.97179980168068e-05	0.00118412986624734	SLC16A1
SLC16A4	40.7267191696535	-1.71081308108306	0.484453455819846	-3.53142920239434	0.000413320489425041	0.00939970790466626	SLC16A4
SLC16A7	25.3760681598792	2.02917551500054	0.639768679269914	3.17173312909937	0.00151532187989774	0.0270254951347834	SLC16A7
SLC17A1	33.3129884660918	-1.75079432284396	0.549202012480023	-3.18788766803298	0.00143316201109114	0.0258681426248905	SLC17A1
SLC17A2	109.844481690781	1.06834827170922	0.303584981679676	3.51910778259931	0.00043300075595107	0.00977309615833064	SLC17A2
SLC17A3	148.064260865645	-1.08768703543176	0.261789438325484	-4.15481633785176	3.25548932930487e-05	0.000987773154727061	SLC17A3
SLC19A3	30.8180399350503	2.15303205166039	0.661402833730721	3.25525072143396	0.00113292302769403	0.0213491863001775	SLC19A3
SLC22A1	343.939200362509	-1.88576238867952	0.224714184850131	-8.39182622110481	4.78648063278396e-17	5.12196164142105e-15	SLC22A1
SLC22A10	20.1856120895232	-3.12316137500134	0.784545704173216	-3.98085332490942	6.86683131282883e-05	0.0019456022053015	SLC22A10
SLC22A25	37.2211868663766	-2.90204856595734	0.570864693251644	-5.08360142125322	3.70344679652223e-07	1.58520749486853e-05	SLC22A25
SLC22A7	49.2773791725316	-2.62887671350829	0.479856020221983	-5.47846979661143	4.29019800396823e-08	2.15138171872633e-06	SLC22A7
SLC25A1	307.598113910802	-0.619984617849018	0.192141017533589	-3.2267166366007	0.00125219400679094	0.0231050795094122	SLC25A1
SLC25A10	137.533196423513	-1.00959620854621	0.272897649526236	-3.69954160579589	0.000215989231007109	0.00542689923190818	SLC25A10
SLC25A15	114.998061462341	-1.67244847743787	0.332434791274739	-5.03090687657806	4.88165228401945e-07	2.05286324996397e-05	SLC25A15
SLC25A18	48.2651028001983	-1.84802439560232	0.451402359944457	-4.09396263641535	4.24062676825394e-05	0.00125491140290181	SLC25A18
SLC25A20	227.035379514689	-0.786677551642014	0.219881989931793	-3.57772617887459	0.000346596264416158	0.00812907285524003	SLC25A20
SLC25A22	101.847169042675	0.987842310338783	0.322791681227455	3.06030907172822	0.0022110868718942	0.0358106434589892	SLC25A22
SLC25A42	57.1911225390628	-1.60403197475547	0.412057637913913	-3.89273690660378	9.91196276043584e-05	0.00274988133527369	SLC25A42
SLC25A47	42.1995098460935	-2.17382339966788	0.595775612469677	-3.64872840406592	0.000263541536236253	0.00640678562229512	SLC25A47
SLC27A2	213.050265941347	-1.10852449572487	0.240712119910029	-4.60518770778641	4.12093979070011e-06	0.000149212880336981	SLC27A2
SLC2A1	268.451750432884	0.690817561584258	0.210731576790686	3.27818721856967	0.00104476077480115	0.0200986482921217	SLC2A1
SLC2A2	176.94596491701	-2.93035687290504	0.277535878222401	-10.558479471821	4.64118672129217e-26	8.18009159627746e-24	SLC2A2
SLC2A4RG	51.4035919070249	-3.03422862994157	0.488045116009766	-6.21710684198478	5.06404968491697e-10	3.14469613853523e-08	SLC2A4RG
SLC2A6	50.6183673957878	3.84326652151893	0.581827698420043	6.6055062898438	3.96161086196778e-11	2.76045966166767e-09	SLC2A6
SLC30A10	26.5668930543625	-2.20935473957556	0.623967527306051	-3.54081685807327	0.000398890354439613	0.00915843083900146	SLC30A10
SLC35C1	247.540967184279	1.44930044310016	0.21628653563651	6.70083525465426	2.07231572052759e-11	1.46962745032681e-09	SLC35C1
SLC35D1	157.073983049382	-1.0626562638788	0.256040935535746	-4.15033737341757	3.31985576329325e-05	0.00100475937684519	SLC35D1
SLC37A1	22.5436121075314	2.79078089968612	0.716866866582309	3.89302537163041	9.9001793699433e-05	0.00274988133527369	SLC37A1
SLC38A1	327.987704067286	0.615830941308575	0.190285087016879	3.2363594591832	0.00121064825395629	0.0224976480806409	SLC38A1
SLC38A3	83.7497081632655	-4.14722378972422	0.458659313621647	-9.042057288616	1.53750472748723e-19	1.86131254130651e-17	SLC38A3
SLC38A4	342.407753376796	-1.82700156180616	0.194013965277646	-9.41685594225965	4.64797239744884e-21	6.3302214981164e-19	SLC38A4
SLC39A14	1857.73738855487	1.57291670563674	0.124047708192555	12.6799336203387	7.63965375699629e-37	1.79531863289413e-34	SLC39A14
SLC39A8	178.605832331978	1.0079239701567	0.258970990302099	3.89203427372662	9.94071975035918e-05	0.00275149021265715	SLC39A8
SLC3A1	53.5102550457943	-3.22241187717505	0.492776337606535	-6.53929913280056	6.18077925636666e-11	4.18512086935336e-09	SLC3A1
SLC40A1	409.508815735314	-0.703626421115035	0.175081381581072	-4.01885348836603	5.84820204917333e-05	0.00168083217168687	SLC40A1
SLC43A3	162.951070648022	1.75923903510947	0.260765248332248	6.74644741337609	1.51508942756602e-11	1.08732615505262e-09	SLC43A3
SLC46A3	101.077008840045	-1.41072560622796	0.332448857776195	-4.24343646618171	2.20122713343346e-05	0.000697928761751322	SLC46A3
SLC5A3	184.484414911124	-1.09803031849277	0.263464904933666	-4.16765306471928	3.07751855254453e-05	0.000940919894189955	SLC5A3
SLC6A6	461.281377738066	-0.623766201523028	0.207981251697233	-2.99914630012454	0.00270737269733107	0.0423049045339151	SLC6A6
SLC7A2	871.400525720478	1.12898437757745	0.142232323657097	7.93760763059234	2.06118163381002e-15	2.04159189100935e-13	SLC7A2
SLC9A3R2	65.814089965602	-1.63045885601107	0.393501866938322	-4.14345900998388	3.42106241526711e-05	0.00102760483827008	SLC9A3R2
SLCO1B1	397.181128685883	-1.166315019608	0.231191147398801	-5.04480830140145	4.53976284918527e-07	1.92939921090374e-05	SLCO1B1
SLCO2B1	82.1059620777651	-1.11636164010643	0.352924752007118	-3.16317184826956	0.00156060180077625	0.0276683618081411	SLCO2B1
SLFN5	40.2626964050661	1.85317661488508	0.515460470940149	3.59518667164733	0.000324159058998705	0.00766281325857886	SLFN5
SMLR1	64.7697128749544	-1.48360888967889	0.402337954921292	-3.68746938122982	0.000226495336886748	0.00562017932212769	SMLR1
SMPDL3A	68.160283431421	-1.54486176131214	0.381726378167262	-4.04703958036461	5.18694732568461e-05	0.00150158366421087	SMPDL3A
SNX10	314.021898725773	1.07484911384788	0.193256064179594	5.56178725056213	2.67025703756268e-08	1.36765088013627e-06	SNX10
SOCS3	186.759869494672	1.41737442026975	0.241648582227473	5.86543652441344	4.47952613175694e-09	2.56876175545966e-07	SOCS3
SOD2	6128.14905203721	2.31747823388699	0.107877389558729	21.4825205111711	2.26856967205076e-102	1.81258716796856e-99	SOD2
SORBS2	104.433402219723	-1.38115913513416	0.324641861045328	-4.25440862951842	2.09602225166821e-05	0.00066810709271924	SORBS2
SORL1	94.2523238647597	-2.32920829480924	0.355214205373845	-6.55719354567442	5.48298323049144e-11	3.75506022956800e-09	SORL1
SOX6	27.5952408152701	-2.24734182094679	0.612382468486749	-3.66983370131443	0.000242708312156221	0.00596077688768917	SOX6
SPAG9	1058.51974619487	-0.51043148532582	0.165600800419984	-3.08230083448451	0.00205407133552155	0.0338625102561564	SPAG9
SPATA41	27.4396072830123	1.77631984710889	0.603952805008941	2.94115671353259	0.00326989057631665	0.049171441100571	SPATA41
SPINK1	130.794195652651	3.64744505077626	0.348787071428776	10.4575121888401	1.35363128605255e-25	2.31761013761997e-23	SPINK1
SPP1	343.694716446748	0.838474663244337	0.185326424782344	4.52431251630241	6.05921370008882e-06	0.00021296092725972	SPP1
SQRDL	515.317234793538	2.09534319297641	0.188582325879503	11.111026355223	1.10877704076149e-28	2.14333755379459e-26	SQRDL
SRD5A2	37.3753034853227	-1.5926421655631	0.510477958934168	-3.11990388162574	0.00180910061906714	0.030930201026419	SRD5A2
SSBP4	137.824702332575	0.894000121369499	0.268293663697312	3.33217008948116	0.000861715724082235	0.0171272821015969	SSBP4
SSX2IP	111.499588818819	-1.00365146453993	0.307044002402135	-3.26875449996724	0.00108021982658306	0.0206042169871762	SSX2IP
ST3GAL6	55.2043088606075	-1.46467343703679	0.422584629210894	-3.4659884335401	0.00052828600579538	0.0115538463128789	ST3GAL6
STAT1	316.059993239621	0.651312648004868	0.198647232893656	3.2787400988039	0.00104271620337843	0.0200915654300489	STAT1
STAT3	1163.13399905387	0.44909095278693	0.142409803028071	3.15351150860314	0.0016131886753551	0.0283490707831831	STAT3
STC1	76.9914763207037	1.14505958671896	0.352284611881359	3.25038207205197	0.00115250056195646	0.0216500301489783	STC1
STC2	178.227190425946	1.08330203163745	0.257822187097278	4.20174091234714	2.64870171822248e-05	0.000826684637835845	STC2
STEAP1	239.126064607157	2.50157864063018	0.245222724407747	10.2012513182532	1.95734218637167e-24	3.21352686351567e-22	STEAP1
STEAP4	11.7453134970977	6.95663918096601	1.65026929768179	4.21545695041308	2.49272941652245e-05	0.000782077540759725	STEAP4
STK17A	74.3035379407183	1.24231421488242	0.359750543750718	3.45326570442449	0.000553843185031329	0.0120250191532617	STK17A
STOM	1003.44098136515	0.909526108537726	0.142744931940813	6.3716875700697	1.86959452295744e-10	1.21777664987201e-08	STOM
STS	75.2119722448853	1.90877781024201	0.370869966624508	5.14675757547815	2.65027470029604e-07	1.18520680160627e-05	STS
SUB1	540.376044369637	0.49125914788574	0.16521039645326	2.97353652331876	0.00294389368968546	0.0454672240604127	SUB1
SULT1A1	66.1156344739919	-1.1343679349861	0.380250731200669	-2.98321039752967	0.00285241836566287	0.0442253998867652	SULT1A1
SULT1E1	29.948593925609	-2.55009556147663	0.613353949645034	-4.15762474987314	3.21573677641895e-05	0.000978187950897998	SULT1E1
SULT2A1	403.218539017146	-2.23151192177978	0.185656491787751	-12.0195738931172	2.80413744888274e-33	6.2236272823814e-31	SULT2A1
SUMO1	693.524153982689	0.556912255056008	0.176647087512303	3.15268291653674	0.00161777429774867	0.0283880306859705	SUMO1
SUSD3	45.0773340725843	-2.82155613065207	0.505144632954374	-5.58564012478961	2.32840957328916e-08	1.20284434206339e-06	SUSD3
SYNGR2	136.077910146596	0.87098100794584	0.273654729008007	3.18277345728001	0.00145871697511082	0.0262136122650555	SYNGR2
TAGLN2	1417.93819162418	0.908247470957329	0.145225664060722	6.25404247129192	3.99962166394332e-10	2.54975881076386e-08	TAGLN2
TANC2	345.583729724867	-0.694174701263672	0.196520855130147	-3.53232078500753	0.000411929331218263	0.00938588029401308	TANC2
TAP1	78.7320763486308	1.34803725508654	0.361861969853626	3.72528026537806	0.000195098337170722	0.00498561528995972	TAP1
TAPBP	153.271913279076	0.961115210202101	0.257619281075022	3.73075806357138	0.000190904484355958	0.00489933671307529	TAPBP
TAT	1070.3200528441	-3.51344209979167	0.151928541551329	-23.1256225059244	2.55803416524313e-118	2.78709449731263e-115	TAT
TDO2	1253.99553377071	-0.862273580744588	0.138001594909654	-6.24828706732769	4.14978458982868e-10	2.61764043732088e-08	TDO2
TF	2205.2387084143	-0.907852464159656	0.163626660949772	-5.5483162639268	2.88433780591309e-08	1.45859867526871e-06	TF
TFCP2L1	19.1939653832876	-2.81433274334272	0.821659972824851	-3.42517931555933	0.000614393770287219	0.0131962532919217	TFCP2L1
TFPI	275.40316963509	1.08748057902372	0.211338535852538	5.1456804819662	2.66552785892924e-07	1.1875967059207e-05	TFPI
TGM2	2179.19921236224	3.437378396342	0.131852647539898	26.0698473673187	8.01453161073277e-150	1.2006770169329e-146	TGM2
THEM6	38.6147339552642	-1.6079830068269	0.495087393039283	-3.24787710096127	0.00116269479409647	0.0217732767300721	THEM6
THRSP	51.0552491387457	-4.19664380356287	0.587508627946658	-7.14311859253902	9.12368437232333e-13	7.28982381348634e-11	THRSP
TIFA	41.9967471663602	2.74312123302439	0.527113567906441	5.20404216480208	1.94999731941421e-07	8.98873764353051e-06	TIFA
TLR2	63.0163671609297	2.65706407296358	0.427879664823663	6.2098395679977	5.30387215741729e-10	3.25984142598186e-08	TLR2
TM4SF1	206.988680272636	1.80168271467543	0.24070167377131	7.4851274876767	7.14777175417985e-14	6.25299594699603e-12	TM4SF1
TM4SF4	690.091334917598	-1.08388653105166	0.156890307424152	-6.90856273307806	4.89588481491746e-12	3.64454531098048e-10	TM4SF4
TMC5	7.71505060870133	6.38019759393596	1.79221358704106	3.55995381357957	0.000370920024680492	0.00859860057213868	TMC5
TMCC1	207.32790952475	1.18573766531599	0.232974011882311	5.08957053078942	3.588753619269e-07	1.5416205063419e-05	TMCC1
TMEM123	1402.94930895688	-0.740547943981899	0.131738229682644	-5.62135946236618	1.8946058988949e-08	9.91565576343032e-07	TMEM123
TMEM176A	102.058335769469	1.18182440503074	0.31166968388607	3.79191325346468	0.000149491135276639	0.00397261919354881	TMEM176A
TMEM245	169.504995338618	-0.887012974074356	0.250794523865595	-3.53681157149078	0.000404988494030389	0.00928066367295261	TMEM245
TMEM37	107.618731645273	-1.57466011870483	0.320210016454724	-4.91758545263208	8.76182130732558e-07	3.48871855044176e-05	TMEM37
TMEM45A	210.034666087258	1.83099165767739	0.259483008009526	7.05630658332038	1.70986357313648e-12	1.34820492921321e-10	TMEM45A
TMEM45B	47.6384777189881	1.71279616118503	0.454656759093806	3.76722907319989	0.000165069524516784	0.00431014869571602	TMEM45B
TMEM56	52.9228782928397	-1.38164239774468	0.423534497371531	-3.26217204577006	0.00110562019891805	0.0209334250932588	TMEM56
TMEM97	63.4696357711014	-1.70814352511971	0.399411689278095	-4.27664880866918	1.89727749943398e-05	0.000614564076505843	TMEM97
TMOD1	23.1913615100297	2.25408668605896	0.667258321758316	3.37813199559526	0.000729800409373811	0.0151064903391108	TMOD1
TNFAIP2	409.702669290918	2.50400099444908	0.188682593738514	13.2709697531467	3.41137278340265e-40	8.51777141855849e-38	TNFAIP2
TNFAIP3	228.65994594298	2.77420004607462	0.242782565873171	11.4266855863277	3.07627927760932e-30	6.24901815968605e-28	TNFAIP3
TNFAIP8	83.9737761434181	3.20877359777486	0.401607179410451	7.98983126368722	1.35123569846573e-15	1.3608873820262e-13	TNFAIP8
TNFRSF10B	149.249013165511	0.866432709728279	0.261420042851963	3.31433160317751	0.0009186249387718	0.018019181491293	TNFRSF10B
TNFRSF1A	140.285612356059	0.87304254265573	0.275383945366771	3.17027392970555	0.00152295289565259	0.027121233958984	TNFRSF1A
TNFSF14	12.6585238244087	3.91506288690965	1.12914227781826	3.46728925470257	0.000525735815469855	0.011521193692059	TNFSF14
TNIP1	465.951904998002	1.43448539685839	0.171086020357686	8.38458568303446	5.09047303627827e-17	5.39905480883142e-15	TNIP1
TNKS1BP1	299.493965646152	0.682804523046126	0.202276259803674	3.37560385835117	0.000736538866347972	0.0151934910725997	TNKS1BP1
TPI1	1943.52896452175	0.425150573443121	0.133279030150602	3.18992847534014	0.00142308009189396	0.0257614901132478	TPI1
TRAF1	50.5089317484555	1.764218254986	0.441850101651832	3.99279811952192	6.52981593025271e-05	0.00186332961723997	TRAF1
TRIB1	256.683521387835	0.662649658419705	0.206474537472099	3.20935291359715	0.00133034093040491	0.0243999344955448	TRIB1
TRIM15	63.5608508010688	2.19946279574046	0.424730276424445	5.17849307625641	2.23685374638399e-07	1.01548076327319e-05	TRIM15
TRIM25	293.400338521268	0.683901747075524	0.20169041021377	3.39084910557057	0.000696764518917659	0.0145968684794231	TRIM25
TRIM31	49.9926360217864	3.18683489385149	0.519727727305976	6.13173922886613	8.69235010502707e-10	5.31519469432395e-08	TRIM31
TRIM69	19.0978149613705	2.91210236612633	0.783291145812927	3.7177777148292	0.000200982992004001	0.00510334991349143	TRIM69
TSC22D3	2464.8254137966	-0.363101674213811	0.114846398368314	-3.16162874389268	0.00156889448095512	0.0277742988984448	TSC22D3
TSKU	875.809117569583	-1.75036759450395	0.148261834737468	-11.8059215819323	3.63783200384975e-32	7.7856101010963e-30	TSKU
TTC31	21.9086475402499	-2.31917302013263	0.700509232240354	-3.31069586722719	0.000930642960679994	0.0181953603323813	TTC31
TTR	1194.98722923876	-1.28470394897913	0.165546404037665	-7.76038571449029	8.46714741366329e-15	7.99045368131926e-13	TTR
TUBB	6362.03714518019	0.402926877713226	0.120279824178895	3.34991242682517	0.000808371132583733	0.0163103165387476	TUBB
TXNRD1	2363.99565953425	0.358728987440728	0.116785720452325	3.07168535717663	0.00212853963236763	0.0348029297325049	TXNRD1
TYMP	270.620264894424	0.996396144601082	0.217439767945442	4.58240069889648	4.59668007607568e-06	0.000164943744646009	TYMP
UBD	408.436756638029	4.52243248580862	0.257257286358659	17.5794145612794	3.54214761028683e-69	2.12263195546438e-66	UBD
UBE2L6	132.285050952019	1.99374563653151	0.296882500668719	6.71560510316592	1.87287372789827e-11	1.33609473981314e-09	UBE2L6
UGT1A4	63.4925647118314	-1.72880360814882	0.414240441531491	-4.17343029511375	3.00047488626885e-05	0.000926821946183818	UGT1A4
UGT1A9	244.915442580225	-1.52537149341582	0.231948578762757	-6.57633472708628	4.82186405786367e-11	3.32126670882162e-09	UGT1A9
UGT2A3	161.509063959704	-0.91789774306921	0.273713733507967	-3.35349538843105	0.000797977435415826	0.0161549992625991	UGT2A3
UGT2B10	132.013380313155	-2.82082712103569	0.319246809555188	-8.83588194652907	9.93116116216206e-19	1.14447083200493e-16	UGT2B10
UGT2B15	100.926244916218	-3.72536458961557	0.39919550472779	-9.33218071219485	1.03714658228977e-20	1.38113353208255e-18	UGT2B15
UGT2B4	1901.237076064	-1.47620910806581	0.156036742072349	-9.46065066765708	3.06032872062846e-21	4.26488833915489e-19	UGT2B4
UGT2B7	537.095123714642	-1.23748816910111	0.178620196501987	-6.92804169593074	4.26705993233322e-12	3.19629458056336e-10	UGT2B7
UNC93A	11.7390250576321	-7.04713680375947	1.65105220824994	-4.26827011801717	1.96994696596636e-05	0.000631278459548311	UNC93A
UPB1	133.360295719563	-1.36893470639153	0.276109003956932	-4.95795025433163	7.12407975861058e-07	2.88453026712662e-05	UPB1
UPP2	32.9482866031081	-2.37624709245055	0.56958916667351	-4.17186145995052	3.02121318965272e-05	0.000929842872353734	UPP2
VCL	794.70299075946	-0.54115079533069	0.154695786526442	-3.49816118125615	0.00046847791670697	0.0104362599102844	VCL
VEGFA	413.657186353874	0.532129614591112	0.172750492716247	3.08033630598766	0.00206766978112694	0.0340255981431623	VEGFA
VNN1	995.47524241898	1.89853774011345	0.141788567997331	13.3899211123226	6.92542659709931e-41	1.88639176741444e-38	VNN1
VNN3	149.554871771221	5.73889487885128	0.507759224905424	11.3023941217813	1.27688660228588e-29	2.55058098806605e-27	VNN3
VWA1	36.2014048819746	2.49421835752326	0.561461896311881	4.44236443097426	8.89756937421407e-06	0.000302947070880556	VWA1
WARS	275.984199458085	1.15332656526504	0.224952262859983	5.12698361244273	2.94421132865493e-07	1.30208017615976e-05	WARS
WWC1	121.472737061169	1.01188890165163	0.284384351403352	3.55817363599038	0.000373442425860021	0.0086237138226057	WWC1
XIST	74.2732984160803	-1.26147104220278	0.405190278909652	-3.11328061866968	0.00185020005378695	0.0314088493550093	XIST
ZBED6	216.146211628249	-0.789896049117851	0.255532749172301	-3.09117344714684	0.00199367139537305	0.0332787627765264	ZBED6
ZC3H12A	144.409937295218	3.47586597054142	0.323366265262363	10.7490061392807	5.99035799009265e-27	1.10452985401939e-24	ZC3H12A
ZFHX4	657.628906685058	-0.581973073072996	0.152309063229919	-3.82100093541036	0.000132911148008223	0.00360393689791527	ZFHX4
ZKSCAN1	138.058585645015	-0.845208543285328	0.267509513691987	-3.15954573585188	0.00158015297335152	0.0279323501262802	ZKSCAN1
