	baseMean	log2FoldChange	lfcSE	stat	pvalue	padj	symbol
ISG15	836.604402499148	-5.28559199164979	0.65470825960713	-8.07320194008475	6.84782107750445e-16	1.44430992353331e-13	ISG15
ANKRD65	161.658173514542	0.842660929376199	0.218865954745434	3.85012337965632	0.000118058338738214	0.00390011500508703	ANKRD65
FAM213B	81.5478828018355	21.8328062716428	3.93237540459849	5.5520656156357	2.82313579406977e-08	2.26652269815511e-06	FAM213B
HES2	2534.03820544131	0.871603040436399	0.193594682541524	4.50220547896221	6.72519140415337e-06	0.000334753127333138	HES2
PIK3CD	300.302616184439	-0.797198142093667	0.227735039736859	-3.50055109224652	0.000464297227815932	0.0114667128316678	PIK3CD
PADI1	230.282333736776	1.74161946770724	0.346104469738672	5.03206291736787	4.85229952420439e-07	2.97448351129062e-05	PADI1
IFFO2	638.072553024311	-1.10585943127432	0.293989481950917	-3.76156120938691	0.000168856086427636	0.00512498814513537	IFFO2
ZNF436	258.263632991541	1.262996567912	0.38610211949025	3.27114642514646	0.0010711243539293	0.0221045961198943	ZNF436
ID3	608.388928931858	1.96396167220005	0.314056591625263	6.25352794550949	4.01282719376719e-10	4.8015020768499e-08	ID3
GRHL3	482.188480585041	1.35630842693744	0.193852639659634	6.99659509057419	2.62257799931996e-12	4.0794200779422e-10	GRHL3
RCAN3	176.825920168743	-0.649844788547017	0.161565281422568	-4.02218089694266	5.76617445904874e-05	0.00207421706058338	RCAN3
AHDC1	418.511945414933	0.802034006392717	0.236159185743214	3.39615841691122	0.000683387950850726	0.015661288508999	AHDC1
IFI6	505.360878196023	-5.59005954204363	0.508507500970604	-10.9930719436266	4.12637921505736e-28	2.23255056313799e-25	IFI6
THEMIS2	104.708038951525	-2.32950734537432	0.257093726560125	-9.06092644321886	1.29347214076508e-19	3.6581743908365e-17	THEMIS2
TAF12	348.602721483137	0.459164389840092	0.148826131604538	3.0852403733787	0.00203387706045633	0.0359155621999387	TAF12
SPOCD1	88.9730551503969	-2.49126165794974	0.39660849687863	-6.2814127220076	3.35510136480799e-10	4.13375063204659e-08	SPOCD1
PTP4A2	1128.27494939208	-0.609375655580216	0.116651194303377	-5.2239127016171	1.751813935731e-07	1.1847593813172e-05	PTP4A2
KHDRBS1	1566.16450537791	-0.570514526431712	0.136822724460063	-4.1697351714279	3.04953793702627e-05	0.0012185832973481	KHDRBS1
RNF19B	266.057753375459	-0.822863346629122	0.214810250701909	-3.83065214039065	0.000127804080948884	0.00413050080680644	RNF19B
GJB4	251.16998875452	-0.843755325749654	0.243543101895196	-3.46450102336607	0.000531216118524662	0.0128608042391457	GJB4
ADPRHL2	526.15594338136	-0.635263466065179	0.186767514210246	-3.40135953916512	0.000670515763757546	0.0155091043944217	ADPRHL2
AKIRIN1	1102.83165845325	-0.804777069490129	0.205322927959397	-3.9195674710487	8.87080253707133e-05	0.00302433607592646	AKIRIN1
TMEM125	38.0156874321582	1.11072462609773	0.370534983128284	2.99762418306717	0.00272092978974655	0.0445540338778593	TMEM125
HYI	60.9928106454836	20.9164308486576	3.93249403477562	5.31887160252262	1.04412784677306e-07	7.46731432485288e-06	HYI
HECTD3	530.342099908644	0.542130421529723	0.152603325439325	3.55254657766467	0.00038152146821503	0.0100373216711794	HECTD3
PIK3R3	127.831568619696	6.69847432426829	1.97017308355811	3.39994205593902	0.000674001344986336	0.0155397278960184	PIK3R3
IFI44L	159.578187500991	-5.44050931918501	0.923436013046553	-5.89159318276527	3.8248987327575e-09	3.80776318643475e-07	IFI44L
IFI44	280.301717183718	-3.91589109062842	0.677012612380328	-5.78407406157534	7.29128160492284e-09	6.57483393417824e-07	IFI44
LPAR3	228.509482587165	-0.762554512135553	0.246542852294287	-3.09298973804897	0.00198150987047851	0.0352008841505872	LPAR3
BCL10	306.169915684095	-0.95932879728562	0.286214700046871	-3.3517803143183	0.000802937065679124	0.0177790106119208	BCL10
DDAH1	83.9064734768764	-0.806382837285135	0.266246621062111	-3.02870637031303	0.00245603267224468	0.0413570643753894	DDAH1
CYR61	2154.31435791303	-1.05857088795955	0.267590843895933	-3.95593090012911	7.62371967577502e-05	0.00263526576792623	CYR61
CLCA4	88.8724728452092	2.52284690751893	0.645380089918628	3.90908698134307	9.26456043449384e-05	0.00313283125127286	CLCA4
GBP1	475.361890865503	-4.04961280055233	0.534841316773611	-7.57161549332296	3.68611146134855e-14	6.94999560985172e-12	GBP1
GBP5	25.1274120599339	-3.49456420212448	0.52948926958547	-6.59987728336842	4.1149825713689e-11	5.62712561737523e-09	GBP5
LRRC8C	459.434298421374	-1.48357083276638	0.459506841267573	-3.2286153317628	0.00124391089778503	0.024531263410518	LRRC8C
BCAR3	894.36709370345	-0.811168461074773	0.221404750373254	-3.66373557797324	0.000248563391145494	0.00709431843902415	BCAR3
ARHGAP29	591.537064899851	-1.11645563706391	0.236696459024448	-4.71682441581684	2.39554257106465e-06	0.000130175247835495	ARHGAP29
F3	13869.3738715281	-1.36046424944159	0.38227582768192	-3.55885502280199	0.00037247505476017	0.00986187144986288	F3
PALMD	123.529566008733	1.76385903358071	0.410199706245837	4.30000072336379	1.70797551921383e-05	0.000743148509129263	PALMD
VAV3	160.390130186621	3.04146798648485	0.550157372502378	5.52835995389974	3.23238309374549e-08	2.54580855813727e-06	VAV3
GPSM2	288.912509799922	0.639155841705005	0.213714729798928	2.99069625339512	0.00278342207847004	0.045395680661181	GPSM2
DENND2D	152.31003118411	0.880826846511213	0.248753468482838	3.54096307433793	0.000398669368329197	0.0104005065398082	DENND2D
PHGDH	91.8345452458982	-1.0428074504754	0.347278889777676	-3.00279539347466	0.00267512217962448	0.0441501596860041	PHGDH
GJA5	36.210405748965	-1.06749114805692	0.350950118972226	-3.04171758420573	0.00235232484687144	0.0402092450473464	GJA5
TARS2	412.80712398998	0.72941460272711	0.187847228505247	3.88302030608205	0.000103166948852069	0.00346040299599771	TARS2
MCL1	3779.24405414791	-0.842315722126718	0.173481287652624	-4.85536932267507	1.20162575468165e-06	6.8907976457412e-05	MCL1
BNIPL	56.1169201278044	0.866392971654	0.260785218298879	3.32224723972295	0.00089295532798273	0.0192915557316269	BNIPL
ZNF687	194.165892125867	0.557465664105146	0.185763302314849	3.00094613499227	0.00269142170132225	0.0443016556233519	ZNF687
TUFT1	819.708539249508	-0.671241517506876	0.204468877321506	-3.28285422358641	0.00102761790680672	0.0214198948614789	TUFT1
IVL	1067.07758017949	1.88086712482822	0.36528732630017	5.14900734136788	2.618686332814e-07	1.69723607945508e-05	IVL
PGLYRP4	24.606210536995	1.36525026870821	0.440921473045792	3.0963569528092	0.0019591436379998	0.035037405689632	PGLYRP4
S100A9	6957.85157454989	1.52504338645147	0.45688382195267	3.33792380726812	0.000844068914042547	0.0184922421942702	S100A9
S100A12	27.6065384931199	3.22440188453533	0.753305751079495	4.28033621131225	1.86611182979397e-05	0.000800755021032972	S100A12
S100A8	1941.2951781279	2.89525663456168	0.879361860012254	3.29245190884369	0.000993178819389693	0.0208768872102793	S100A8
S100A3	65.3538964142243	1.02069131987977	0.343321508399133	2.97298973384781	0.00294914315264541	0.0475377427351288	S100A3
ZBTB7B	633.007765698735	0.820175076961486	0.174011523227644	4.71333772470069	2.43691804932768e-06	0.000131847861764494	ZBTB7B
EFNA4	80.2051267416871	0.882736205181924	0.271804000882191	3.24769393502979	0.00116344346613785	0.0236180921576172	EFNA4
EFNA3	112.445304693364	1.41593970568061	0.28719099979438	4.93030668333749	8.21006255979668e-07	4.7299082636162e-05	EFNA3
EFNA1	474.565681533888	1.32698338782264	0.158330697031869	8.38108726039109	5.24410026748881e-17	1.27956046526727e-14	EFNA1
THBS3	159.51692789042	0.751149345127739	0.212200227496134	3.53981404257176	0.000400409061281952	0.0104028317703315	THBS3
ARHGEF2	556.420777847136	-0.67383724564129	0.161858453835385	-4.16312666823447	3.13919103520654e-05	0.00123620548234526	ARHGEF2
CRABP2	1019.20631344984	1.50543449337555	0.336861257311889	4.46900455513563	7.85844573942401e-06	0.000381994135864814	CRABP2
ETV3	282.810369027437	-1.00912066607042	0.319703142389542	-3.15643023877712	0.00159713086837654	0.0297971462160086	ETV3
IFI16	2257.45610507955	-1.3120635799133	0.261171516598194	-5.02376215064783	5.06689820116677e-07	3.09080790271173e-05	IFI16
AIM2	8.69703443892809	-3.11923152299777	0.667639019457069	-4.67203298802751	2.98233045679041e-06	0.000159966035363362	AIM2
UAP1	908.950952231015	-1.17094625964643	0.368946062966665	-3.17376000771209	0.00150478056735428	0.0285449533234095	UAP1
BLZF1	624.66580886595	-1.32891045179169	0.345577027315936	-3.84548261819721	0.00012031539362488	0.00395040833316098	BLZF1
KIAA0040	339.742637005916	-1.09216308970755	0.269601178464252	-4.05103232830403	5.09921609369839e-05	0.00189983967275398	KIAA0040
TOR1AIP1	650.480660263384	-1.11210736990426	0.117437987588122	-9.46974137367402	2.80537415673304e-21	9.97430743039599e-19	TOR1AIP1
STX6	729.148115888138	-0.432151525323822	0.131204844308352	-3.29371623130162	0.000988722605026775	0.0208183825667567	STX6
IVNS1ABP	1046.18063781095	0.809782245466221	0.23100928613963	3.50540992961105	0.000455904731867283	0.0113921254685873	IVNS1ABP
PTGS2	956.991837441576	-2.48370764965529	0.597101874550734	-4.15960450890237	3.18799126461473e-05	0.00124752714770018	PTGS2
PLEKHA6	77.9197320432669	1.0466560999703	0.324946114517067	3.22101435656752	0.00127737749080284	0.0249932161879726	PLEKHA6
IL24	7.41598034677923	-4.72404770184749	0.848020753924342	-5.57067463265051	2.53754825204738e-08	2.06172151745419e-06	IL24
CD55	280.39842105331	-0.916349286821493	0.181373075435053	-5.05228951223041	4.36545324964224e-07	2.68929209101723e-05	CD55
G0S2	2221.68970594942	-1.61999554353834	0.373282887847687	-4.33986018721372	1.42573397833218e-05	0.000635908015281924	G0S2
C1orf74	432.989637384981	-0.752071242202147	0.127601919695829	-5.89388658097696	3.77216133333816e-09	3.78554642194033e-07	C1orf74
DUSP10	410.852274420589	1.11300375087302	0.366670353256325	3.03543425583405	0.00240189582252855	0.0406810251624435	DUSP10
AIDA	236.832434705141	-1.00785803209226	0.2624229345511	-3.84058669954401	0.00012274061282833	0.00400888237804655	AIDA
DISP1	34.9236077283795	1.46666857492021	0.479758746189917	3.05709606456995	0.0022349263780799	0.0387345736056076	DISP1
IBA57	57.0793380408336	-0.77095685143944	0.237703116464589	-3.2433603013122	0.00118128723983399	0.0238635363839192	IBA57
SIPA1L2	112.439765479316	1.34902908605681	0.350404521816377	3.84991917074558	0.000118156811067005	0.00390011500508703	SIPA1L2
HNRNPU	3466.62426641686	-0.242949984688003	0.0746969520221266	-3.25247520964492	0.0011440457499179	0.0232719885996362	HNRNPU
AHCTF1	774.00320935434	-0.44122031767841	0.140770886172851	-3.13431512490899	0.00172255759705755	0.0316624914886028	AHCTF1
SH3BP5L	408.81488076264	-0.693778607938993	0.184024694540971	-3.77002993902284	0.000163227965220203	0.00499068501031991	SH3BP5L
ZNF692	298.748133334642	0.996687228287758	0.221822895322145	4.49316661763117	7.01718386336797e-06	0.000346515222205361	ZNF692
GTPBP4	1105.68818081964	-0.476620538258638	0.161296509252627	-2.95493399371801	0.00312735951920796	0.049690816298639	GTPBP4
KLF6	4174.45372993021	-1.25981321464669	0.19438638779648	-6.48097445982536	9.11320992242576e-11	1.18129983619444e-08	KLF6
IL15RA	31.8925972803358	-1.54621501350666	0.427787498866706	-3.61444646606759	0.000300989998517646	0.00836053469096783	IL15RA
DCLRE1C	114.711260302047	-1.06454268301405	0.280593828142665	-3.7938920113125	0.000148304193315424	0.00466034692327559	DCLRE1C
RSU1	794.034966032818	0.367714092620017	0.12012371724074	3.06112815242872	0.00220504694272743	0.0383770687486715	RSU1
ARL5B	214.872462666463	-1.93409885269585	0.637741588090664	-3.03273126421996	0.00242351317812357	0.0409320388568518	ARL5B
ZNF248	77.9400837187525	1.2843798394773	0.421821906392486	3.04483911341067	0.00232804810571629	0.0399038989359966	ZNF248
CSGALNACT2	218.777587142489	-0.978836275567506	0.219313728913848	-4.46317829902941	8.07528022023981e-06	0.000388456995240378	CSGALNACT2
MAPK8	170.83638328054	-0.803204839081851	0.226267034758451	-3.54980936546636	0.000385510206711973	0.0101208628951979	MAPK8
RHOBTB1	108.847645342583	1.68474823981924	0.30518731434036	5.52037440828987	3.3827810097234e-08	2.61461657670795e-06	RHOBTB1
ARID5B	172.966053030232	1.50854692238634	0.503227040038588	2.99774615106268	0.00271984117158501	0.0445540338778593	ARID5B
NRBF2	368.762602025061	-0.615176462440132	0.174606623593587	-3.52321378066396	0.000426347315009645	0.0109391051298557	NRBF2
DDX21	2416.8840031077	-0.574197081081085	0.172654094598013	-3.32570786935564	0.000881943102133827	0.0191321014447945	DDX21
USP54	155.556219637951	1.41207137054063	0.453742946716208	3.11205139553123	0.00185792150256956	0.0334587195050299	USP54
CAMK2G	455.203672972258	0.420238192661884	0.142064175193858	2.95808702009802	0.00309554722926474	0.0492595776482997	CAMK2G
VCL	2350.4664865393	-0.662511073233221	0.193988329995801	-3.41521097298771	0.000637326270644303	0.0148518503968122	VCL
KAT6B	228.950953859062	1.91397151671753	0.622124797173546	3.07650735899475	0.00209441132867496	0.0368640092984883	KAT6B
SAMD8	483.945914252997	-0.871654383423438	0.243505964108428	-3.57960178353294	0.00034411819745854	0.00924882688806496	SAMD8
KCNMA1	322.120935743899	-0.674664975455179	0.156609726623474	-4.30793789122199	1.6478363880056e-05	0.000722030845504987	KCNMA1
FAS	325.841250001164	-1.00171413074388	0.325973551318276	-3.07299204703211	0.00211924135561074	0.0371975811614201	FAS
IFIT2	1207.85352717717	-4.97614339865752	1.23969329805338	-4.01401169666019	5.96953863041206e-05	0.00214077633189763	IFIT2
IFIT3	2165.20076534798	-6.67027879841404	0.643377693526359	-10.3675941294361	3.48180409336915e-25	1.49405414268571e-22	IFIT3
IFIT1	1668.33288710698	-7.12601263639223	0.62424710279709	-11.4153715803604	3.504032391913e-30	2.07638948023645e-27	IFIT1
IFIT5	320.210758279589	-2.44045727080077	0.194835013931699	-12.5257633191963	5.39696007913689e-36	3.95057477792821e-33	IFIT5
PANK1	54.5516177696986	0.981334936772141	0.304128792097497	3.22670842837381	0.00125222992570363	0.0246120211451172	PANK1
RPP30	240.768719206476	0.485414886898651	0.150936318326791	3.21602442857844	0.0012997976736762	0.0253160608601482	RPP30
PCGF5	148.328342931132	-0.964521743936702	0.228505206025378	-4.22100555481253	2.43214942649047e-05	0.00100885558210825	PCGF5
CCNJ	97.3177300217144	-0.78828693074305	0.220211486120897	-3.57968126290324	0.000344013555489273	0.00924882688806496	CCNJ
SLC25A28	296.332121124491	-1.01595885817606	0.175018878239589	-5.80485298726049	6.44225038041063e-09	5.89465909807572e-07	SLC25A28
SCD	22411.536250794	-0.654572159121355	0.193339863192404	-3.38560371520461	0.000710218654031941	0.0161252897816322	SCD
LDB1	1216.11232315183	1.00265675755484	0.27424496669724	3.65606256927862	0.00025611886658365	0.00726000723409326	LDB1
NFKB2	588.145028603651	-0.594748108145789	0.169570116706855	-3.5073875025631	0.000452529648249133	0.0113305411324189	NFKB2
C10orf95	25.103067631262	1.82765969381033	0.610307982960316	2.99465146260289	0.00274758603459901	0.0448700270532153	C10orf95
ITPRIP	558.026129813539	-0.715634766884741	0.195597891065625	-3.65870390005707	0.000253494015053864	0.00720200804413307	ITPRIP
TCF7L2	165.191485935151	1.71678421089974	0.502177816336647	3.41867791656662	0.000629261639329431	0.0147190448116831	TCF7L2
CASP7	441.165451827283	-1.13701154995362	0.17984359142991	-6.32222444465999	2.57824520443736e-10	3.24077609333521e-08	CASP7
PTPRE	270.80517436089	-1.34239211854138	0.145631349372637	-9.21774140200067	3.03423883199559e-20	9.5962848085937e-18	PTPRE
IFITM1	233.007707611527	-4.94911783416523	0.276010048220745	-17.9309335514013	6.76344622456786e-72	4.20821624092612e-68	IFITM1
IRF7	284.018589603624	-4.59224572061522	0.658131339023009	-6.97770406653537	3.00042826416779e-12	4.55333284381756e-10	IRF7
TRIM21	559.683037137057	-2.44533624790728	0.266173346930487	-9.18700642309576	4.03925664116967e-20	1.22596364982233e-17	TRIM21
TRIM68	113.350205510178	0.845670468792157	0.250428313197882	3.37689639798808	0.000733086564606504	0.0165263210325423	TRIM68
TRIM6	107.876556267699	1.40252705245339	0.367911985338403	3.81212656381214	0.000137776293114868	0.00439612356800362	TRIM6
TRIM5	465.628601782443	-1.0945744197876	0.36162103947206	-3.02685491249513	0.00247112536382125	0.0414693037127505	TRIM5
PPFIBP2	71.2060733433282	2.10229226193024	0.370204913492171	5.67872598475033	1.35701663816236e-08	1.15662431817071e-06	PPFIBP2
TMEM41B	442.595894367087	-0.896387937512787	0.293061757419778	-3.05869979558204	0.0022229979109037	0.0385815704369395	TMEM41B
MICAL2	718.774325633996	-1.40707464720875	0.323712556055473	-4.34667924023198	1.38214111601561e-05	0.000623165364047039	MICAL2
MICALCL	244.621220020796	-1.35160845055944	0.256120682142666	-5.27723274532962	1.31149271425314e-07	9.16866030121692e-06	MICALCL
E2F8	22.2642490131547	2.70418393277398	0.714754076535877	3.7833767187171	0.000154714973051277	0.00479910523246517	E2F8
NAV2	352.42611938214	1.53801851072407	0.354585012035724	4.33751698046706	1.44101404691411e-05	0.000640427814278541	NAV2
HIPK3	635.724161400672	-0.733506150386137	0.246027014279799	-2.98140491820928	0.00286929131356306	0.0465521005293074	HIPK3
LMO2	25.3275740726679	-2.06858230499086	0.36424034341547	-5.67916855555821	1.3535105049258e-08	1.15662431817071e-06	LMO2
PHF21A	358.214230421457	2.58768233610237	0.719972065117563	3.59414269174435	0.000325461444547099	0.00890119168339362	PHF21A
TCN1	92.953411511427	1.68242599403088	0.416288442005408	4.04149100543375	5.31124186382038e-05	0.00194964878328557	TCN1
SLC15A3	21.0639477627732	-4.00604298159023	0.755169848850794	-5.30482379253696	1.12781885961684e-07	7.92914005032316e-06	SLC15A3
TMEM138	241.960002780289	0.781039610173422	0.152317506349443	5.12770743752579	2.93291742285684e-07	1.86210328622604e-05	TMEM138
RPLP0P2	6.02859176864903	-2.75777977820854	0.719401377485493	-3.83343688866394	0.000126365232291817	0.00410571527582081	RPLP0P2
RCOR2	16.0780256313649	2.6473542086205	0.689223691962401	3.84106675306356	0.000122500793297789	0.00400888237804655	RCOR2
NAA40	220.138308921455	0.715597686636596	0.207895710864774	3.44209932787914	0.000577218260110399	0.0137078321160569	NAA40
MEN1	418.508572072526	0.802017073269334	0.212871519824194	3.76761096990196	0.000164817282917453	0.00502692712898231	MEN1
BATF2	59.0243686719023	-5.80707062530612	0.408778074593326	-14.2059248923351	8.4183808861066e-46	1.16398146385234e-42	BATF2
CDC42EP2	335.761639518116	-1.48312008031942	0.375075114219001	-3.95419483749978	7.6792813969113e-05	0.00264711849593253	CDC42EP2
FOSL1	868.595515490859	-1.33469108116585	0.240883285652149	-5.54082064080291	3.01057449408892e-08	2.40151211566939e-06	FOSL1
SSH3	967.505129632525	0.632067972413818	0.163951658112998	3.8552093933578	0.000115630615049793	0.00383708632981233	SSH3
CLCF1	199.748751261446	-1.18271802153249	0.277087018372521	-4.2683992504565	1.96880713851085e-05	0.000841918763973506	CLCF1
ALDH3B2	78.9601680262218	1.86820096394325	0.554651848748149	3.36824075888286	0.000756495034800787	0.0169308799647921	ALDH3B2
INPPL1	1176.35139425281	0.504994846333853	0.130352313803848	3.87407658212926	0.000107029754478878	0.00357071920840526	INPPL1
ARHGEF17	206.387704688817	0.938843839469973	0.275371207157246	3.40937547233783	0.000651117965279568	0.0151448821681102	ARHGEF17
XRRA1	89.1102281037467	1.22568661012649	0.385409843927938	3.18021615025398	0.0014716523601269	0.0280030021828675	XRRA1
HEPHL1	97.9706539667709	-1.37752684054863	0.317797207497201	-4.3346096442989	1.46018996284716e-05	0.000646640708102138	HEPHL1
PANX1	478.261358689838	-1.04067852371	0.235345552775701	-4.42191709779974	9.78289945945011e-06	0.000461130306338626	PANX1
MMP3	18.1479589928281	-2.87271599454409	0.696592996200708	-4.12395187751268	3.72426736726134e-05	0.00141295070482317	MMP3
ZC3H12C	138.781579294098	-1.28362496475634	0.22065111942021	-5.81744143482812	5.97551875006218e-09	5.5492056213264e-07	ZC3H12C
PCSK7	308.631035554228	0.665321572841103	0.217426413358579	3.05998504304928	0.00221348045321422	0.0384700429606114	PCSK7
HINFP	134.678362401768	0.753016925823856	0.200977688135289	3.7467687722478	0.000179127061459807	0.00537122205495384	HINFP
UBASH3B	303.530811407274	-1.20969935256297	0.176280128587281	-6.86236935641907	6.77276701793017e-12	9.91533091424977e-10	UBASH3B
GRAMD1B	49.307923808944	-1.66000881232735	0.469375755518738	-3.53663092481794	0.000405265574616403	0.0104846669657516	GRAMD1B
ETS1	1309.16769107484	-2.06145532746104	0.193267412719182	-10.6663368565726	1.4628009428581e-26	6.74188701219489e-24	ETS1
VWF	11.2480829564492	2.7174809600784	0.901884663800164	3.01311361546838	0.00258582088959964	0.0430762451809611	VWF
PTPN6	226.666206211738	0.741251661609026	0.23228219869313	3.19116861205666	0.00141698559546893	0.0271694433744458	PTPN6
RIMKLB	369.726611525991	-0.507076967757217	0.17013299405458	-2.9804740143146	0.00287802654925095	0.0466330239308318	RIMKLB
A2ML1	1506.38517262696	1.57679579905643	0.454120729129541	3.47219516290048	0.000516220908415783	0.0125465878600117	A2ML1
MIR614	71.6875445087976	-1.30701335923321	0.276188511503418	-4.73232341243505	2.21964381910588e-06	0.00012167950522006	MIR614
ATF7IP	402.120683795408	1.55385661825866	0.388054808144181	4.00421947015621	6.22225791086451e-05	0.00220597656532188	ATF7IP
LRMP	34.1245458513605	2.61635165228581	0.825719791907068	3.16857083713972	0.00153190413190943	0.0288396596331029	LRMP
BHLHE41	55.3226331606459	2.93872314009368	0.981243641225682	2.99489649321232	0.00274537986848923	0.0448700270532153	BHLHE41
ARNTL2	872.353114398995	-1.28970996923603	0.34295177672395	-3.76061608881574	0.000169495392298057	0.00513187508943316	ARNTL2
PTHLH	9308.39130150608	-0.812293434589333	0.138967361293451	-5.84521017761898	5.05929067513015e-09	4.76953130009997e-07	PTHLH
CAPRIN2	494.107460686429	-0.638513634152316	0.137211436921033	-4.65350154826956	3.26345152021126e-06	0.000171351859567548	CAPRIN2
DENND5B	52.5939838554323	0.977892807906128	0.316971548159625	3.08511225560746	0.00203475340332343	0.0359155621999387	DENND5B
CSRNP2	279.96375763508	-0.757788560668679	0.187774624305618	-4.03562815514049	5.4456404866178e-05	0.00199310441810212	CSRNP2
KRT75	247.363670031908	-4.09605118743048	0.858700691372698	-4.7700569343698	1.84173856597863e-06	0.000103236913130802	KRT75
KRT8	4586.71303117739	-1.1579648262605	0.215296292354729	-5.37847082081935	7.51211540831897e-08	5.49886847888949e-06	KRT8
LOC283335	22.6629223909049	1.99170796936811	0.652206231735114	3.05380088759566	0.00225961999730024	0.0391080824011186	LOC283335
ITGB7	40.1913340621478	1.57879581109201	0.386207214876635	4.08795007000664	4.35201788179346e-05	0.00163614835410991	ITGB7
RARG	529.84212660262	0.521942016161871	0.153550277868293	3.39916034935192	0.000675930754854306	0.0155397278960184	RARG
ZNF385A	1046.68133989798	1.36264103573285	0.411726023262287	3.30958200051589	0.000934353926033657	0.0200813475916456	ZNF385A
ITGA5	2594.02555017667	-0.45195063755426	0.128074980914059	-3.52879722744231	0.000417452863491221	0.0107775589902173	ITGA5
SUOX	136.872537830878	1.1688790603906	0.369657605951838	3.16205873102714	0.0015665796513156	0.0293349315826608	SUOX
IL23A	9.1810512026562	-2.38412427124962	0.601125043691455	-3.96610371880188	7.30570812151811e-05	0.00255823036939915	IL23A
NAB2	262.902683435376	-1.11127080652867	0.18050023397261	-6.15661698642067	7.4315284293641e-10	8.44216278691838e-08	NAB2
DDIT3	104.538195336711	0.953024224633331	0.250892826342867	3.79853118371324	0.000145556118238272	0.00460890670574315	DDIT3
LRIG3	214.804905975985	1.10045797121433	0.265816890903933	4.13990987356794	3.47442297512441e-05	0.00134272420815056	LRIG3
RASSF3	200.477796774085	-0.631167100001586	0.200505307382721	-3.14788225928018	0.00164457920939524	0.030544990569723	RASSF3
LEMD3	239.830726748579	-0.942753629646995	0.211650672973933	-4.45429072537418	8.41709831222169e-06	0.000402855274604949	LEMD3
MDM1	57.2642994550108	1.29806400518663	0.333292731965367	3.89466640191097	9.83339680311254e-05	0.0033072105356198	MDM1
GLIPR1	575.666054631979	-0.93209159618914	0.187090363434655	-4.98203958278531	6.29175602112427e-07	3.7744127556853e-05	GLIPR1
PHLDA1	3588.07288173456	-1.4366625604574	0.30547511379709	-4.70304288489993	2.56312556259185e-06	0.000138075906930272	PHLDA1
RASSF9	67.4111560381978	1.58981183043682	0.348382206589873	4.56341282753398	5.03287123924743e-06	0.000256676433201619	RASSF9
DUSP6	2127.34313279452	-0.946492060596106	0.308850474944766	-3.06456404434985	0.00217987496234209	0.0380453913483661	DUSP6
BTG1	970.731301799989	-0.764053125547237	0.208276623786596	-3.66845357705672	0.000244021990278538	0.00698071183224396	BTG1
TMCC3	455.219758741954	-1.33241978596837	0.147014433154951	-9.06319030978422	1.26689727299045e-19	3.6581743908365e-17	TMCC3
ELK3	768.017022597788	-0.485856602879544	0.149382418709496	-3.25243497244739	0.00114420773815901	0.0232719885996362	ELK3
CDK17	333.79987695491	-1.36655046246605	0.305554533025126	-4.47236193466544	7.7360347005863e-06	0.000377518493388611	CDK17
GOLGA2P5	23.616619881322	1.73244073206999	0.525794621694393	3.29490006285559	0.000984566876811107	0.0207687956793871	GOLGA2P5
CORO1C	2378.74785560035	-0.595045103164311	0.188852892759259	-3.1508392297853	0.00162802077021468	0.0302826464343072	CORO1C
KCTD10	959.123772949414	-0.663063316092266	0.185564397630252	-3.57322484571345	0.000352611737015049	0.00941609539788686	KCTD10
PPTC7	256.409945676801	-0.678088740559229	0.207447901658739	-3.26871824268782	0.00108035824559	0.0222582417353012	PPTC7
SH2B3	226.696874089153	-1.13669606631492	0.184561014700648	-6.15891751656546	7.32438605508612e-10	8.43932037680479e-08	SH2B3
OAS1	343.583126605387	-4.30853819232194	0.269670203327833	-15.9770643517635	1.84638976465191e-57	4.59529484626567e-54	OAS1
OAS3	618.694690797554	-2.89442609596162	0.354907680618321	-8.15543380441626	3.47928753137896e-16	7.46487138628962e-14	OAS3
OAS2	598.709459890992	-3.31762459597544	0.211696963407592	-15.671573850532	2.36646136412084e-55	4.90804086918663e-52	OAS2
TBX3	84.2975996186961	-0.902317029133608	0.278383673212408	-3.24127136739494	0.00118997846156166	0.0239613138764939	TBX3
WSB2	1041.0033865241	-0.577501865892242	0.176527720306806	-3.27145144620086	0.00106996959554996	0.0221045961198943	WSB2
OASL	361.337660055441	-5.99484843190519	0.334135349622851	-17.9413774647662	5.60483817573025e-72	4.20821624092612e-68	OASL
CCNA1	42.367734900904	-1.88582074336269	0.526683974370087	-3.58055463073114	0.000342865644715967	0.00924882688806496	CCNA1
FOXO1	153.37011138855	1.25796280501439	0.409362782465151	3.0729779523166	0.00211934145318602	0.0371975811614201	FOXO1
EPSTI1	121.731655874043	-3.82538431115799	0.4076647864064	-9.38365156549104	6.37266130765203e-21	2.20281659201172e-18	EPSTI1
LCP1	78.821227816842	-1.11756295073755	0.339853488372454	-3.28836686682112	0.00100770432053756	0.0210754160752426	LCP1
KCTD12	1217.36076520842	-1.38059627827794	0.394761781065528	-3.49728961742821	0.000470011269368017	0.0115818222495358	KCTD12
SPRY2	94.8510628294659	-1.18228619151034	0.352733956097381	-3.35177878702423	0.000802941495009601	0.0177790106119208	SPRY2
STK24	1772.5661205533	-0.562406493145425	0.132881141017654	-4.23240264824868	2.31208001942216e-05	0.000965487374553334	STK24
TNFSF13B	6.00674492007049	-2.52798504819616	0.765224332575885	-3.30358685757744	0.000954563938339901	0.020305288288379	TNFSF13B
PARP2	222.935693165027	0.842526731793799	0.236915883055902	3.55622730281447	0.000376218604399006	0.00993983930603234	PARP2
NDRG2	292.875578108431	0.658080121434575	0.204915259938308	3.21147444867062	0.00132055713401536	0.0256765827745111	NDRG2
METTL3	322.341484257161	0.562121478463419	0.171129373582211	3.28477494363862	0.00102063862189494	0.0213101124343299	METTL3
C14orf93	46.9758744078746	1.45210704358186	0.42806563191989	3.39225327917382	0.000693203296039666	0.0158279299374635	C14orf93
EFS	73.1466286121077	1.18078399230301	0.35720621757103	3.30560873305127	0.000947703249471983	0.0202285064089697	EFS
IRF9	328.596236336273	-1.89516834116728	0.227137959272189	-8.3436883347896	7.20086151095043e-17	1.65939853041235e-14	IRF9
NEDD8	338.234092189765	0.770308441728651	0.199253400874191	3.86597387221022	0.000110646783930663	0.00368152026532933	NEDD8
PAX9	234.101990920357	0.943437701573015	0.228061266539628	4.13677305176713	3.52224162914548e-05	0.00135698993291289	PAX9
FERMT2	150.246435167088	-1.09072298257148	0.220350270508622	-4.94995073096039	7.42322711628663e-07	4.3165718801435e-05	FERMT2
PLEKHG3	991.988312369888	-0.660258208848969	0.105431481532192	-6.26243887739893	3.79002452839807e-10	4.57893837197918e-08	PLEKHG3
MAP3K9	448.903107849284	-0.93786249457937	0.224996770562616	-4.16833758206484	3.06829278277817e-05	0.001219866945332	MAP3K9
DCAF4	164.376080276283	-0.663988422280795	0.213903013403648	-3.10415646659362	0.00190822386492207	0.0343149389813443	DCAF4
PSEN1	970.456799890108	-0.594921468125787	0.155223117676429	-3.83268598795917	0.000126751703618731	0.00410754739539451	PSEN1
PAPLN	149.75684993413	1.07472589095167	0.352216303669213	3.05132351840535	0.00227834941147599	0.0393228572488311	PAPLN
NEK9	441.889575275628	0.555984674809253	0.17682890392892	3.14419567421366	0.00166544036712644	0.030840386798395	NEK9
TGFB3	30.3014012207386	1.77362404582779	0.516655790321295	3.43289299966003	0.00059717772145291	0.0141010997452752	TGFB3
AHSA1	1731.04820438283	0.419924729969103	0.128257640460589	3.27407184836009	0.00106009653287611	0.0219864020918505	AHSA1
FLRT2	830.550623018124	1.19726563708945	0.252095129531391	4.74926127813337	2.04161035084578e-06	0.000113418746455022	FLRT2
TTC8	210.782857546996	0.558182713277822	0.172372038466187	3.23824396488364	0.0012026791687992	0.0240335772438526	TTC8
CCDC88C	209.974482123426	1.15700097062464	0.357221860623128	3.23888624454953	0.00119997422626661	0.0240335772438526	CCDC88C
IFI27	171.272006327556	-3.26145759095388	0.430023220446105	-7.58437553109447	3.34092216090832e-14	6.39606698005278e-12	IFI27
WARS	1177.13611988279	-0.720342563599082	0.119049654628107	-6.05077407279613	1.44151492157133e-09	1.50741274655745e-07	WARS
RCOR1	618.694090929392	-0.676844690534117	0.193267107589059	-3.50212045379848	0.000461570893771504	0.0114646471099653	RCOR1
HERC2P3	46.9452356970132	0.973577658316471	0.301744121353932	3.22650083106179	0.00125313868061041	0.0246120211451172	HERC2P3
ATP10A	32.702186917938	-3.08576989399665	0.370192138590967	-8.3355900148009	7.71126848140407e-17	1.74470954513804e-14	ATP10A
HERC2	615.127225696973	0.882333046415795	0.285498821533249	3.09049628183155	0.00199822306520712	0.0354214926259793	HERC2
SCG5	27.415446277367	-2.53257216159438	0.495519071833622	-5.11094790402886	3.20546376176008e-07	2.02481172849454e-05	SCG5
MEIS2	88.9597924796433	1.4958653966222	0.352171243931007	4.24755121947223	2.16119766009722e-05	0.00090551998930134	MEIS2
THBS1	16794.5236618847	-1.11649078278435	0.220795672509351	-5.05666968059379	4.26641272665527e-07	2.64135522241285e-05	THBS1
RHOV	242.689484717474	2.35173480716327	0.344542655490658	6.8256709864101	8.75152949923436e-12	1.26632596614503e-09	RHOV
EHD4	768.356017167904	-1.62664868294536	0.285410060461864	-5.69933898024841	1.20272863017474e-08	1.03935799124267e-06	EHD4
TMEM62	148.465911742349	-1.0605652034328	0.29173874814789	-3.63532513307137	0.000277630263829826	0.00778115090787919	TMEM62
FRMD5	77.8657207771263	0.907769403684912	0.254134811804209	3.57199943305791	0.000354266178634854	0.00944001783068976	FRMD5
DUOX1	573.013169808164	0.943318417113302	0.212723432427179	4.43448286984663	9.22935576193537e-06	0.000436692407230128	DUOX1
CEP152	69.9907399818377	1.08676175529194	0.317082910685521	3.42737409891441	0.000609448837430602	0.0143093987414838	CEP152
GABPB1	172.611818256906	-0.754414150767878	0.191876230719316	-3.93177491521327	8.43209965598105e-05	0.00288266615711616	GABPB1
LYSMD2	52.8087263087376	-1.6444755113572	0.49486182223682	-3.32310038370717	0.000890228724598385	0.0192660978241779	LYSMD2
MYZAP	16.6768733618809	1.92197558732956	0.605775835419275	3.172750504317	0.00151002228045982	0.0285573210608542	MYZAP
PML	902.49232912863	-1.93894974294595	0.154241003969934	-12.5709097648502	3.05191589960487e-36	2.57160278663608e-33	PML
SEMA7A	577.328459665491	-1.78682848411475	0.216736437087236	-8.24424590589518	1.66205039015997e-16	3.69331340270549e-14	SEMA7A
MPI	312.679666492875	0.540788506503471	0.172631667324278	3.1326147449392	0.00173256690522952	0.0317526694678588	MPI
C15orf39	214.402765120491	-0.651889448802987	0.186956873258415	-3.48684398407719	0.000488756391745858	0.0119490855380854	C15orf39
CSPG4	191.58041889212	-1.24305892960924	0.233120624609852	-5.33225634449809	9.6999875072421e-08	6.97726269018039e-06	CSPG4
HMG20A	273.284991293216	0.455608403686957	0.134913508400646	3.37704066173982	0.000732702177958048	0.0165263210325423	HMG20A
BCL2A1	42.176048771203	-3.602469065054	0.393572247986156	-9.15325987410757	5.52408898091751e-20	1.63670864948899e-17	BCL2A1
IL16	19.9782936515498	-1.65667980067399	0.378559809431786	-4.37626963929598	1.2072765408944e-05	0.000550305834245054	IL16
STARD5	148.916339245251	-1.58104093699408	0.254282093108966	-6.2176652616925	5.04606589174822e-10	5.98030894827761e-08	STARD5
BNC1	1811.81034642502	-0.764767717544394	0.148506944578577	-5.14971013453006	2.60889336590902e-07	1.69723607945508e-05	BNC1
ISG20	208.927065633743	-1.99416538990055	0.420267572019408	-4.74498991277981	2.08516726253275e-06	0.000115323650733145	ISG20
RHCG	758.22093004932	2.53814606735558	0.615014537934392	4.12696921910216	3.67575571621903e-05	0.00140539558349581	RHCG
SEMA4B	2233.13198947089	-0.929672436920869	0.151019963170995	-6.15595724830254	7.46253541113004e-10	8.44216278691838e-08	SEMA4B
TTC23	142.138869081128	0.774573124433915	0.205444517287854	3.77023020453079	0.000163097034596187	0.00499068501031991	TTC23
CHSY1	324.431881039236	-0.870567574528301	0.155607251368689	-5.59464656608848	2.21071647932188e-08	1.83401039124543e-06	CHSY1
MAPK8IP3	684.900560986288	0.650462484666753	0.190246222259699	3.41905598408586	0.000628387961946905	0.0147190448116831	MAPK8IP3
KCTD5	672.483444458273	-1.10719900796199	0.273662183282027	-4.04586046447255	5.21312798710754e-05	0.00192499004960137	KCTD5
PRSS22	424.475895790214	-0.729676292713343	0.192687237314942	-3.78684288010579	0.000152573507879283	0.0047465618301245	PRSS22
KREMEN2	35.7239736093471	-1.11998934292932	0.307447107567324	-3.64286836780229	0.000269616732954469	0.00759074802010275	KREMEN2
CLUAP1	96.7532236499695	0.913616675222372	0.303490501954593	3.01036332055974	0.00260935357482671	0.0432367455194987	CLUAP1
ROGDI	315.699781598897	0.807141962897412	0.249602097751933	3.23371466092241	0.00122191470173425	0.0242202368563552	ROGDI
PPL	2513.337933804	0.653030159425859	0.124507758440936	5.24489531899846	1.56371083910181e-07	1.06916580669137e-05	PPL
SOCS1	45.3550099669046	-4.26409103497717	0.728642607779645	-5.8521022370225	4.85398079918537e-09	4.67402669867714e-07	SOCS1
SNN	340.825147537042	0.747298798453462	0.242672149820703	3.07945843396368	0.0020737730581236	0.0365524531661333	SNN
ITPRIPL2	564.097402422637	-1.03828154370584	0.21893669966165	-4.74238236581817	2.11219479644552e-06	0.000116301557729947	ITPRIPL2
DCUN1D3	104.923150440711	-0.734361490814796	0.207253610419221	-3.54329890480252	0.000395154549207587	0.0103304689292841	DCUN1D3
HS3ST2	73.4938822130481	-2.45899648950858	0.716432697229608	-3.43227842478064	0.000598532742865606	0.0141063285079917	HS3ST2
SCNN1B	35.3504403218446	1.22251885321872	0.366122223951205	3.33910036933908	0.000840501896884989	0.0184922421942702	SCNN1B
GGA2	311.108122411608	0.579936602188304	0.153047700590341	3.78925393816015	0.000151100395448008	0.00471251458885969	GGA2
ORAI3	226.527154150191	0.481894781897341	0.153661942869538	3.13607112404194	0.00171227672488296	0.0315667726880645	ORAI3
N4BP1	836.840479490498	-0.831123855334706	0.212465517271483	-3.91180585917251	9.16085420933172e-05	0.00310620353626496	N4BP1
NLRC5	90.5992231952339	-3.86710545525701	0.4030847111352	-9.59377854934304	8.49169038445132e-22	3.10795868070918e-19	NLRC5
FAM192A	676.963420298667	0.51449853233749	0.169486266768865	3.03563552461234	0.00240029324410547	0.0406810251624435	FAM192A
COQ9	403.252638207161	0.416604780495566	0.137196150495896	3.03656319065621	0.0023929194595043	0.0406810251624435	COQ9
CMTM3	210.543937121272	-0.656556599941006	0.194666985087335	-3.37271674314188	0.000744304798320986	0.0167392211526228	CMTM3
CES3	22.8411249173133	1.58284883546529	0.494863268073243	3.19855794031375	0.0013811677577917	0.0266469016712556	CES3
CBFB	365.984961248294	-1.17636049512736	0.340327213717786	-3.45655724171046	0.000547122991618714	0.0130930740532755	CBFB
KIAA0895L	113.581858556205	0.861854814725842	0.21633921069512	3.98381232859551	6.78184376235005e-05	0.00238399050222271	KIAA0895L
ESRP2	819.905062549056	0.782080791540176	0.118181972408969	6.61759806168899	3.65082038196052e-11	5.04786764812407e-09	ESRP2
MTSS1L	624.446304285865	1.16384522419658	0.282035356248634	4.12659334516402	3.68176599340753e-05	0.00140539558349581	MTSS1L
MLKL	181.656129756922	-1.45766290088914	0.316034095614815	-4.61235961915246	3.98123417813742e-06	0.000207290703400595	MLKL
WDR59	302.158701968531	0.489117286555305	0.164302941602849	2.97692349134925	0.00291156658553697	0.0470539410265221	WDR59
MAF	273.689105742995	2.30434058859104	0.668838981858662	3.44528451704089	0.000570458596229786	0.0135732060640219	MAF
MAP1LC3B	1239.93789731356	-0.684670492928134	0.210250247893113	-3.25645510428223	0.00112812769692446	0.0230515945164663	MAP1LC3B
CRK	972.478612127028	-0.717239185699526	0.124795425236576	-5.74731953787446	9.06692854044361e-09	7.94569427868171e-07	CRK
SMYD4	87.0612499678283	0.752287043830584	0.237958301290661	3.16142382825167	0.00156999874912023	0.0293349315826608	SMYD4
RPA1	785.476076681755	0.448499767885839	0.128751849893645	3.48344329232024	0.00049500797702779	0.0120781946394781	RPA1
TRPV3	26.751645298236	-1.49256208697706	0.447826673551881	-3.33290126543601	0.000859454365021633	0.0187021691965397	TRPV3
RNF167	984.453951316831	0.490206649662092	0.139742871160453	3.50791883400791	0.000451626817863773	0.0113305411324189	RNF167
XAF1	159.610423093108	-6.03659757719753	0.59154272229596	-10.2048378750526	1.8863592687306e-24	7.82461824669453e-22	XAF1
CYB5D1	178.414524166902	0.643077417565235	0.16999747284562	3.78286457322359	0.000155033775590726	0.00479910523246517	CYB5D1
TRAPPC1	1046.91555045272	0.398405911095337	0.132266305799009	3.01214968308521	0.00259404652366022	0.0431555012572563	TRAPPC1
PER1	491.002506689175	1.19118813855609	0.270677303496455	4.40076845442525	1.07868182492764e-05	0.000504628444714267	PER1
MPRIP	2518.95979000427	-0.87935436449191	0.178176627488789	-4.93529581789418	8.00293665014955e-07	4.63202528718423e-05	MPRIP
LGALS9	28.7785263665319	-1.18670545501372	0.391310496126287	-3.03264406848606	0.00242421348742364	0.0409320388568518	LGALS9
FOXN1	6.4769331498351	5.42820372934594	1.65525741642211	3.27937133855541	0.00104038638258627	0.0216136363020092	FOXN1
PHF12	328.906012824903	0.827760069595295	0.255683744066485	3.23743722002151	0.00120608473263274	0.0240521128411567	PHF12
MYO18A	829.363450371586	0.663498727467678	0.193083842205096	3.4363244479199	0.000589664359074043	0.0139501583352042	MYO18A
CRLF3	176.077593213452	-0.712223100527573	0.228428454101513	-3.11792636923884	0.0018212829821051	0.0329898768985675	CRLF3
SLFN5	1789.60650772904	-1.78239721287063	0.148497389865367	-12.0028858048388	3.43120392969027e-33	2.24725798426662e-30	SLFN5
ERBB2	941.201279748434	0.765816681247763	0.259228235457573	2.95421785322109	0.00313462638978075	0.049690816298639	ERBB2
GRB7	127.276492743316	1.10055605372626	0.258589660641142	4.2559940370298	2.08122253273168e-05	0.000880909292425613	GRB7
RAPGEFL1	376.487982972176	1.00207104515368	0.201961321017528	4.96169781473511	6.98796532565177e-07	4.13056991798363e-05	RAPGEFL1
KRTAP2-3	278.76620017205	-2.94283780060944	0.407206994212316	-7.22688421966312	4.94201079016944e-13	8.42443592779021e-11	KRTAP2-3
CNP	841.628346453101	-1.1442686129922	0.157053047025255	-7.28587336995884	3.19593059908701e-13	5.60143103873785e-11	CNP
DHX58	56.7182970742001	-2.06249952330587	0.354372101800366	-5.82015207412623	5.87941087883016e-09	5.50100668993703e-07	DHX58
EZH1	177.785225812112	1.41673932711198	0.336532744765781	4.20981122683319	2.55584146794227e-05	0.00104966637713114	EZH1
IFI35	73.976395598346	-4.10966154490938	0.292814112060289	-14.0350528736239	9.51254597566602e-45	9.86451017676566e-42	IFI35
DCAKD	282.307277422521	0.877410289050972	0.263234320292496	3.33319108266745	0.000858559550865068	0.0187021691965397	DCAKD
HEXIM1	912.389544617009	0.367093395450404	0.10816083200842	3.39395868757581	0.000688900841396118	0.0157586067469362	HEXIM1
OSBPL7	119.883700501693	1.13578762221967	0.364272283078671	3.11796333396678	0.0018210545730696	0.0329898768985675	OSBPL7
PNPO	486.127637868731	0.86137720810213	0.230081644747238	3.74378933638282	0.000181265648015777	0.00542228299016426	PNPO
PRR15L	44.8918904360649	1.55577756290213	0.345064004356551	4.50866373559659	6.52372116891608e-06	0.000326028860345348	PRR15L
FAM117A	63.0443424275204	1.75829116989048	0.377605155439784	4.6564278706488	3.21742927685358e-06	0.000170373148600706	FAM117A
NME1	292.889075440106	0.83402952962814	0.261184664077291	3.19325613000513	0.00140678106832035	0.0270154068120038	NME1
TRIM25	966.639119097003	-1.94096596552973	0.249240203961815	-7.78753160476106	6.83309519086014e-15	1.37146833153328e-12	TRIM25
AKAP1	384.59738065481	0.65567506397979	0.210032853426105	3.12177382387691	0.00179764986968708	0.0328005204961672	AKAP1
CUEDC1	406.546638320003	0.445268595092281	0.139612070437712	3.18932735326017	0.00142604291839469	0.0273010431946208	CUEDC1
MTMR4	237.158883223922	0.971381698763942	0.166052659238673	5.84984126853244	4.92042347739236e-09	4.67402669867714e-07	MTMR4
SMURF2	555.395570134718	-1.11375844614928	0.199031469228111	-5.59589119483811	2.19491329091554e-08	1.83312087195658e-06	SMURF2
C17orf80	150.773205298903	0.663875431784625	0.207152755935945	3.20476273069669	0.00135173859984558	0.0261602412697954	C17orf80
GGA3	369.613014292784	0.813832908760233	0.256975831324552	3.16696284068982	0.00154040000468546	0.0289557970669272	GGA3
TRIM65	224.822248519469	0.679564826491228	0.216851616507212	3.13377800653207	0.00172571359050498	0.031673716696525	TRIM65
SNHG16	917.318155220775	-0.589936530272851	0.190700786705202	-3.09351912210416	0.00197797805713704	0.0352008841505872	SNHG16
JMJD6	342.060886086984	-0.794086348061966	0.260210282641396	-3.05171010154245	0.00227541743070496	0.0393228572488311	JMJD6
TNRC6C	23.685307206362	1.83621482907464	0.479424795842027	3.83003725506029	0.000128123859806114	0.00413050080680644	TNRC6C
SOCS3	103.372818104466	-1.08783610395817	0.27046227731147	-4.02213615433474	5.76727019416466e-05	0.00207421706058338	SOCS3
LGALS3BP	2698.70790503844	-0.57011983480241	0.13200353044696	-4.31897414313087	1.56756144456313e-05	0.000691728177877432	LGALS3BP
ENGASE	147.665221473017	0.847663816559806	0.214862679069887	3.94514217280188	7.97526453015549e-05	0.00274155226003467	ENGASE
SECTM1	39.9210738943793	-1.5581559927327	0.293652111096161	-5.30612903451071	1.11977704559546e-07	7.91733270192609e-06	SECTM1
ZNF750	202.699370327871	1.81721304716862	0.576490761032032	3.1521980402868	0.00162046327778639	0.0301871931568471	ZNF750
PPP4R1	1873.68533477209	-0.420694131046928	0.141977824335877	-2.96309746268326	0.00304560119586829	0.0486179819369645	PPP4R1
NPC1	807.581983242056	-0.96413189812034	0.321360468900311	-3.00015711770517	0.00269840374772354	0.0443579078423668	NPC1
MAPRE2	110.098095645017	0.886795701413513	0.20872775284654	4.24857590483188	2.15133753906801e-05	0.000904433930275754	MAPRE2
C18orf25	435.575181550798	-0.854611142351324	0.176935139107577	-4.83008150140102	1.36477176045971e-06	7.7196453578003e-05	C18orf25
ZBTB7C	19.6674844509866	2.95080181247712	0.878184712633679	3.36011521269558	0.000779099749493424	0.0173747621553695	ZBTB7C
LIPG	494.849550283957	-0.592284832847038	0.129836536114198	-4.56177321556153	5.07234173684828e-06	0.000257008064868391	LIPG
MEX3C	469.638949359442	-0.817476380011963	0.164335074344114	-4.97444859701823	6.54336236787896e-07	3.89596178497061e-05	MEX3C
MALT1	367.298776141844	-1.3263240666477	0.303525339500334	-4.36973093854735	1.24399718539443e-05	0.000564974488140447	MALT1
PMAIP1	208.607700370172	-1.56117886806473	0.366292456527264	-4.26211034446605	2.02505400471209e-05	0.000860060478997857	PMAIP1
ZCCHC2	201.449002496228	-1.22488506563957	0.223679594100233	-5.47606977993123	4.34876257197344e-08	3.32000008868941e-06	ZCCHC2
KDSR	676.481864324353	-0.649159890343699	0.185324060919425	-3.50283652928338	0.000460331878803277	0.011456739799656	KDSR
SERPINB8	521.954508131306	-1.19620646899141	0.262243833347978	-4.56142839936349	5.0806801637435e-06	0.000257008064868391	SERPINB8
MKNK2	2239.17227060744	0.770024360054211	0.209456691785033	3.67629390826288	0.000236646867623212	0.00678533092327938	MKNK2
GADD45B	174.789599433305	-0.824078174247445	0.222747046554105	-3.69961436973432	0.000215927317041704	0.00628400116226253	GADD45B
TJP3	56.0952149249509	1.08270194621846	0.335068771167415	3.23128276755309	0.00123235958693688	0.0243807356118324	TJP3
FUT3	241.93666719315	0.775092608550037	0.18612666649009	4.16432864331831	3.12270048986629e-05	0.00123361539352051	FUT3
RFX2	47.8030812148434	2.01404849458243	0.444669906361726	4.52931144151693	5.91762178444647e-06	0.000296930989861499	RFX2
ARHGEF18	836.330963474789	-0.994889843379872	0.182637551929138	-5.4473454821924	5.11270967335089e-08	3.83268428766135e-06	ARHGEF18
ANGPTL4	4855.27771070015	-2.06766123265238	0.339601698795297	-6.0884890740747	1.13981230686307e-09	1.22274347815552e-07	ANGPTL4
ZNF266	152.822731684499	0.748099889445497	0.202324361495726	3.69752749453902	0.000217709645411476	0.0063151021620056	ZNF266
S1PR5	175.984548099287	0.890622493468003	0.22250310225488	4.00274191434771	6.26125924657618e-05	0.00221349744501119	S1PR5
WDR83OS	218.762207873969	0.615611794487763	0.186261880202034	3.3050874060759	0.000949467848113667	0.0202314690101481	WDR83OS
HSH2D	70.4114635839454	-3.22363867841549	0.357454139566536	-9.0183280079638	1.90981756868733e-19	5.2812821832767e-17	HSH2D
BST2	34.0458008249575	-2.86991437846392	0.46911839654436	-6.11767604852935	9.49498398024617e-10	1.04562460752375e-07	BST2
RAB3A	14.6131124979244	3.53959916318709	0.975152014363994	3.62979218731928	0.000283649489542653	0.00791420234948157	RAB3A
SUGP2	790.00460041701	0.539454733920625	0.163371946998739	3.30200345794244	0.000959968866921449	0.0203506858261849	SUGP2
ZNF714	91.257891916469	0.740108123297488	0.234074071971769	3.16185435261172	0.00156767952718767	0.0293349315826608	ZNF714
WTIP	75.5446744162395	-1.36695481305777	0.350741166456053	-3.89733211778279	9.72581991443065e-05	0.00327989439065515	WTIP
SBSN	225.307369217823	2.92197908739928	0.704652231523034	4.14669670609532	3.37306400189283e-05	0.00130761397007958	SBSN
THAP8	25.0224513987356	1.55149779926335	0.501251710603565	3.09524689181642	0.001966491317567	0.0351090644990011	THAP8
C19orf33	347.064781480778	23.8177354151662	3.93210612743733	6.05724633141806	1.38471459444459e-09	1.4727682404503e-07	C19orf33
CEACAM5	598.188924267156	0.980732920225407	0.210098147360444	4.6679750990039	3.04182755207293e-06	0.000162457090377664	CEACAM5
POU2F2	77.2408098031479	-1.1834224239378	0.357169387783834	-3.31333665317932	0.000921899399614452	0.0198479517799347	POU2F2
PLAUR	750.393736763169	-2.09377025717556	0.375920113282574	-5.56972128703767	2.55147150183177e-08	2.06172151745419e-06	PLAUR
SMG9	325.072103667527	0.599868643083965	0.14955426905964	4.0110432611238	6.04510311034378e-05	0.00216000278385074	SMG9
RELB	89.0358103384657	-1.68127831288737	0.241613385549916	-6.95854788450876	3.437978898494e-12	5.15448306179028e-10	RELB
SIX5	96.9035577013859	1.26553745062445	0.339366893811517	3.72911286781948	0.000192155074391901	0.00570686812824061	SIX5
PLEKHA4	90.9768466296095	-2.92791383025016	0.886412220844568	-3.30310634420232	0.000956201182476346	0.0203054053152485	PLEKHA4
AKT1S1	713.08811861216	0.5565290716645	0.163407336830488	3.40577774816696	0.000659758650976724	0.0152887088505668	AKT1S1
KLK6	860.933012235169	0.873953610076618	0.294305289791346	2.96954774647859	0.00298238461144109	0.0479578518148837	KLK6
KLK13	48.3378465942338	2.92364992299647	0.726112946329547	4.02643960250995	5.66277762338939e-05	0.00204847688213539	KLK13
VSIG10L	80.3639010976198	1.60463838886669	0.514128751011031	3.12108277491034	0.00180187378371013	0.0328294544136001	VSIG10L
ZNF331	67.6962644562359	1.12694108378474	0.340883636157132	3.30594069134275	0.000946581213573152	0.0202285064089697	ZNF331
IL11	28.1895292670208	-1.45615488103157	0.331721571347462	-4.38969004975055	1.13512336333341e-05	0.000523165745678554	IL11
ZNF805	63.0393499532741	-0.725677323512768	0.240372631365007	-3.018968172008	0.00253637176244905	0.042479959908366	ZNF805
ZNF552	81.7348252939426	1.33768000900834	0.432456897863047	3.09321001842815	0.0019800395558336	0.0352008841505872	ZNF552
CMPK2	154.011716162893	-8.8098993627239	0.526602941666627	-16.7296812563214	7.96634672163677e-63	2.4783304651012e-59	CMPK2
RSAD2	628.40139718328	-7.34732048700659	0.668968287557617	-10.9830624614979	4.61024786459819e-28	2.39041351779416e-25	RSAD2
ASAP2	927.628850646244	-0.764101517748099	0.145753080097807	-5.24243821972992	1.58468459347914e-07	1.07758552356581e-05	ASAP2
ROCK2	401.827668265545	-0.675567126694031	0.223205276380595	-3.02666288919666	0.00247269554442791	0.0414693037127505	ROCK2
LPIN1	750.517373911836	-0.925444719848742	0.155466425169837	-5.95269826805212	2.6375730440702e-09	2.6903245049516e-07	LPIN1
FAM84A	493.852600293409	0.667089493757461	0.150213087150863	4.44095455602669	8.95607086509978e-06	0.000425379182615655	FAM84A
LAPTM4A	1394.10094912111	-0.401693329865769	0.086299409673915	-4.65464748117722	3.24535472950979e-06	0.000171123704466186	LAPTM4A
UBXN2A	126.471914210641	-0.822364616634427	0.25952946564062	-3.16867533559055	0.00153135350908506	0.0288396596331029	UBXN2A
PTRHD1	58.8953362158144	1.37482166450288	0.316482424056381	4.34406955963521	1.39867195533502e-05	0.00062834201488047	PTRHD1
IFT172	72.9616129735383	0.897565443003794	0.256842365327175	3.49461601422509	0.000474744231737716	0.0116753304738026	IFT172
CAPN14	249.092188153305	1.50351534599086	0.421534097969873	3.5667704065504	0.000361407858855348	0.00960974229828194	CAPN14
LTBP1	539.495197879065	0.452369391466567	0.136710840930102	3.30895039770736	0.000936464264095482	0.0200920022455244	LTBP1
RASGRP3	7.85959959945163	-2.82426286589061	0.669420488458142	-4.21896687446131	2.4542432459982e-05	0.00101463797186716	RASGRP3
CRIM1	936.955898050743	-0.504285032193561	0.141555735528034	-3.56244860240008	0.000367411856488799	0.00974855680628276	CRIM1
EIF2AK2	456.674491716122	-1.87990960923693	0.429167987379338	-4.38035842495236	1.18484253545769e-05	0.000544065701521604	EIF2AK2
ZFP36L2	1031.98719272383	-0.896260501239071	0.126081421789056	-7.10858498041513	1.1723870311251e-12	1.89469924874295e-10	ZFP36L2
FOXN2	125.669315796729	-1.44421513294429	0.441955856039769	-3.26778141574016	0.00108394045264344	0.0222951322193304	FOXN2
PSME4	1338.8618796662	-0.751490284565281	0.110339400803364	-6.81071565636386	9.71144120915232e-12	1.37328607280331e-09	PSME4
PNPT1	645.118330238104	-1.98395336139733	0.267951788225384	-7.40414301593894	1.32000107793036e-13	2.45165573339782e-11	PNPT1
BCL11A	45.7159225107757	1.78146356445412	0.506170462047898	3.51949332888086	0.000432371909546045	0.0110029366920061	BCL11A
B3GNT2	396.356260444924	-0.853502116218784	0.251119050176586	-3.3987947772923	0.000676834821572001	0.0155397278960184	B3GNT2
CEP68	96.3030565296692	1.4498204237342	0.403286915582008	3.59500982480892	0.000324379335211812	0.00889113754928588	CEP68
MEIS1	174.795611338934	1.96412092322645	0.393180736094511	4.99546580724221	5.86939230585721e-07	3.54556882786831e-05	MEIS1
WDR92	120.845676622522	0.706738001097624	0.196464696675487	3.59727733815193	0.000321565563187009	0.00883346990794512	WDR92
TGFA	1524.04867686572	-1.65936162009966	0.229467862954261	-7.23134646715393	4.78228546527157e-13	8.26538337914436e-11	TGFA
CYP26B1	98.9093834598692	-1.96375598221446	0.387517532802981	-5.06752808836874	4.03015048034617e-07	2.50755962887139e-05	CYP26B1
WBP1	21.6467969253225	-1.12299111173885	0.368228805949771	-3.04971010848085	0.00229062347423883	0.0394643142700194	WBP1
DQX1	85.6987339540287	1.06685347714978	0.305428111397614	3.49297735649789	0.000477667011066588	0.0117087228996187	DQX1
EVA1A	152.211428348585	-1.27949326576543	0.431836076598429	-2.96291425173179	0.0030474144897808	0.0486179819369645	EVA1A
ELMOD3	119.433058712634	0.753761738812476	0.207380412287634	3.63468145567682	0.000278324309192584	0.00778307349121913	ELMOD3
MAT2A	1447.75577225184	-1.01069081359773	0.240675061163063	-4.1993998410702	2.67623376885928e-05	0.00108667465229244	MAT2A
PROM2	941.193645676936	0.927886910992989	0.288332957985448	3.21810908290206	0.00129038733058388	0.0252081317767438	PROM2
LOC100506123	60.7523101644648	21.4235602146645	3.93249588073295	5.44782775733551	5.09886986382066e-08	3.83268428766135e-06	LOC100506123
KIAA1211L	34.0307300731172	1.3688581667251	0.389381555354287	3.51546740697466	0.000438980639312722	0.0111256111519501	KIAA1211L
TBC1D8	222.610371127602	1.45234164396471	0.366705670363373	3.96051046204321	7.47897160462249e-05	0.00260695581646841	TBC1D8
IL1RL1	379.799914400426	-2.77487196806345	0.344443484093791	-8.05610236861922	7.87656764024004e-16	1.63360012858578e-13	IL1RL1
FHL2	666.494520722517	-0.894425755577928	0.228315663814432	-3.91749624460672	8.94734392656963e-05	0.00304209693503367	FHL2
SEPT10	610.974065135838	-0.83727204223978	0.19129834678624	-4.37678660744184	1.20441785772826e-05	0.000550305834245054	SEPT10
SOWAHC	625.70685190447	-1.03517034338123	0.2465274302015	-4.19900674961456	2.68088330322871e-05	0.00108667465229244	SOWAHC
SLC20A1	1582.43380668082	-1.62865237460205	0.256960231221093	-6.33814955280272	2.32541056437076e-10	2.95279684316629e-08	SLC20A1
IL1A	1577.03584773204	-1.59726009463525	0.384191116007918	-4.15746233601697	3.21802309391018e-05	0.00125221063229721	IL1A
IL1B	1839.75404747253	-0.77065510722865	0.23695284501151	-3.25235642218694	0.00114452402949031	0.0232719885996362	IL1B
IL36G	81.2925944582777	-1.94362941399336	0.309549137980876	-6.27890430149876	3.40967372138163e-10	4.15980194008559e-08	IL36G
IL1RN	3972.36597458473	-0.377079574630203	0.125424346714737	-3.00643044597894	0.00264334518773599	0.0437417387183334	IL1RN
WDR33	549.578872102431	0.409684224267991	0.125157742987675	3.27334301888406	0.00106283409687013	0.0220065016663094	WDR33
NMI	115.173566775055	-1.17907433225766	0.357482099791867	-3.29827516662831	0.000972807514328812	0.0205877835175302	NMI
ACVR1	277.559835393941	-0.656621591549502	0.16094578134216	-4.07976888908673	4.50804974181008e-05	0.00168970394539412	ACVR1
RBMS1	782.452863419517	-0.859807232241426	0.155323097322281	-5.53560447263941	3.1015678900293e-08	2.4583382690143e-06	RBMS1
IFIH1	424.675193179028	-3.99143205838619	0.373345475668189	-10.6909881557894	1.12169451483139e-26	5.36860251636994e-24	IFIH1
FIGN	43.8804463910382	1.7180947774802	0.378738497306954	4.53636160489845	5.72330164452648e-06	0.000288343180827884	FIGN
SLC25A12	208.287579095132	0.585138001769134	0.167025869387249	3.50327768935298	0.000459570091611055	0.011456739799656	SLC25A12
ITGA6	10786.6579606201	-0.664212846669796	0.161327614932774	-4.11716770837143	3.83556968497316e-05	0.00145075468570839	ITGA6
PDK1	238.687705534852	-0.614090536518406	0.181407520445668	-3.38514376366402	0.000711409843307304	0.0161252897816322	PDK1
STAT1	1509.27295537324	-2.48061563269127	0.207578166331319	-11.9502724035625	6.4712777098212e-33	4.02642899105075e-30	STAT1
RAPH1	228.752685109632	-1.51643337205677	0.288304236438311	-5.25983728435862	1.44182931579587e-07	1.00235329641138e-05	RAPH1
DIRC3	5.23635524924523	-2.55048399224742	0.825581417720918	-3.08931855478074	0.00200616206142434	0.035511636831244	DIRC3
STK36	161.345714184198	0.787104059728397	0.223231905144531	3.52594786672089	0.000421970025466256	0.0108716252523853	STK36
ABCB6	199.301368171341	0.686626032886376	0.202568506522621	3.38959912709679	0.000699948973918967	0.0159235192531035	ABCB6
ANKZF1	562.796313158171	1.21651615773857	0.353975851866639	3.43672075742865	0.000588802306989743	0.0139501583352042	ANKZF1
EPHA4	63.5004044872437	2.62775439009547	0.649336368598928	4.04683076009645	5.19157479736838e-05	0.0019227368088825	EPHA4
AGFG1	801.118534442105	-0.695308587390739	0.16308531799343	-4.26346525821993	2.01280807873746e-05	0.000857787114103046	AGFG1
CCL20	103.93143115028	-2.95158538012784	0.3525287814899	-8.37260823826494	5.63567189204139e-17	1.34865963508775e-14	CCL20
SP110	542.158012525219	-1.68483530967887	0.324627194373737	-5.1900621355189	2.10223917280877e-07	1.41406833872607e-05	SP110
SP100	925.357440202816	-1.71397821978698	0.202751879512208	-8.45357499970192	2.82516319785598e-17	7.03126616682396e-15	SP100
CAB39	1798.0263557164	-1.22674855199145	0.161172259639569	-7.61141250197052	2.71116417154647e-14	5.27151983605068e-12	CAB39
SOX12	135.209255266868	1.04108524744076	0.277442017138773	3.75244261189184	0.000175119928170783	0.00526374972501744	SOX12
DDRGK1	644.172781541653	0.483283472199752	0.149182950770722	3.23953554815057	0.001197245416301	0.0240335772438526	DDRGK1
RNF24	131.149414281714	-0.853993551618174	0.211183135698441	-4.04385297525668	5.25798987195679e-05	0.00193581141913107	RNF24
FERMT1	2089.79723244293	-1.53548208910679	0.306618330425732	-5.00779613200167	5.50568046417004e-07	3.34208232664058e-05	FERMT1
BMP2	165.44763963592	-2.03833136329234	0.267311931896112	-7.62529135468788	2.43483827899739e-14	4.8093853244196e-12	BMP2
ANKEF1	190.433371606645	0.621901843209101	0.18198553679811	3.4173146622032	0.000632421380739554	0.0147652001161783	ANKEF1
ZNF133	153.259057037915	0.825665895771707	0.234439230506346	3.52187598461408	0.000428504549500266	0.0109718325390562	ZNF133
SAMHD1	238.397354421278	-3.31310702136239	0.189102512444666	-17.5201639498674	1.00535270924162e-68	4.17020303793424e-65	SAMHD1
ZHX3	298.369559973961	0.7571551567308	0.226328742164419	3.34537783177691	0.000821705497085841	0.0181621726567251	ZHX3
SDC4	3542.91457331052	-1.17145373815688	0.236187913601261	-4.95983778464873	7.05520690412833e-07	4.14127333561193e-05	SDC4
ZNFX1	1226.44539563351	-1.58328322371362	0.440045499486729	-3.59799890138717	0.00032067497317002	0.00882849417284896	ZNFX1
CEBPB	251.236345554369	-1.10302947164166	0.269767851922658	-4.08880992964979	4.33591943208018e-05	0.00163503580038805	CEBPB
TFAP2C	203.823002233431	-1.1350062297691	0.187470228211	-6.05432788235388	1.41005146666784e-09	1.48700681789954e-07	TFAP2C
ZBP1	9.6911706371535	-7.0669414113779	1.00920429892447	-7.00248841479303	2.51455684690533e-12	3.96090448137847e-10	ZBP1
PMEPA1	2248.19558843536	-0.492708910026498	0.140726469742604	-3.50118148296968	0.0004632002968225	0.0114667128316678	PMEPA1
RAB22A	738.494316074588	-0.894733918573333	0.286866759055334	-3.11898778903396	0.00181473481944801	0.032967241011987	RAB22A
RBBP8NL	13.3147799264662	3.99686310816316	1.23603193445217	3.23362446936667	0.00122230060637987	0.0242202368563552	RBBP8NL
OGFR	535.431888341457	-1.53640601035542	0.285143176700508	-5.38819139259692	7.1170240252259e-08	5.27168136725661e-06	OGFR
HELZ2	833.48495521666	-4.437641145285	0.520420719577873	-8.52702626614191	1.50157783641075e-17	3.89284054089486e-15	HELZ2
ADAMTS1	3355.67078889524	-1.96946865206185	0.231415022345036	-8.51054798476048	1.73113245919104e-17	4.39636986166803e-15	ADAMTS1
BACH1	306.384086765364	-0.618864870839911	0.17240874536015	-3.58952134096878	0.000331285710285656	0.00902083015053545	BACH1
IFNGR2	620.772376773096	-0.602222725376645	0.135366328861949	-4.44883694815136	8.63365246952815e-06	0.000411636671765549	IFNGR2
RCAN1	310.915188817585	-0.81891458754631	0.221365759299913	-3.69937333640123	0.000216132473276146	0.00628400116226253	RCAN1
KCNJ15	414.604034162182	-0.683069732961477	0.15728273668005	-4.34294155467932	1.40587544326593e-05	0.00062930625956839	KCNJ15
ERG	21.9833419447233	-3.38881205980582	0.548138001120501	-6.18240671669985	6.3131617580571e-10	7.41141367143986e-08	ERG
MX2	346.002491647456	-7.44840931562128	0.516616798149094	-14.4176676838752	4.00654282294819e-47	6.23217736109591e-44	MX2
MX1	1187.56111324476	-6.49223766423134	0.458999593632354	-14.1443211590977	2.02460903560813e-45	2.29038498537341e-42	MX1
RIPK4	485.836220663585	0.828012678307514	0.196752124687885	4.2084052694273	2.5717930476461e-05	0.00105274318042461	RIPK4
ABCG1	242.106944858319	-1.20752203170148	0.183771866409318	-6.57076654492884	5.00568899140385e-11	6.62668019244994e-09	ABCG1
U2AF1	173.444847207191	22.6733232847811	3.93218892157963	5.76608187881086	8.11356524559458e-09	7.2636838788618e-07	U2AF1
SIK1	344.913143709786	22.2146600017514	3.93210665281107	5.64955683129045	1.60861998933963e-08	1.35254507752313e-06	SIK1
CSTB	6667.71820181096	1.25688485121998	0.35086432367646	3.58225321414834	0.00034064336639592	0.00921514359006702	CSTB
LOC642852	116.780647888459	1.47688588766943	0.449026157147016	3.2890865357447	0.00100513115085313	0.0210569899683777	LOC642852
BCL2L13	673.136638154803	-0.546589015364283	0.122417283498835	-4.46496605497281	8.00814473833387e-06	0.000387756237835902	BCL2L13
USP18	142.983479130402	-4.0065148022868	0.466301180803972	-8.59211807136963	8.53805841535315e-18	2.30973041131858e-15	USP18
MIF	507.735969353235	23.1209043250374	3.93207993305972	5.88006976425987	4.10093600698721e-09	4.05016251356736e-07	MIF
DDT	87.7970096173445	21.9350501357548	3.93235035230388	5.57810168743066	2.4315750537081e-08	2.00387549459229e-06	DDT
OSBP2	96.4098180389012	-1.03945695882124	0.339165070998333	-3.06475238078494	0.00217850281956108	0.0380453913483661	OSBP2
LIMK2	1795.43974551759	0.591875389557792	0.154240228285968	3.83736069464596	0.000124363740351457	0.00405126278778412	LIMK2
APOL6	306.037145512241	-2.5048775087088	0.684484093943608	-3.65951163930943	0.000252696365993283	0.00719577477899407	APOL6
PLA2G6	42.376568417923	1.37407677369861	0.405204107672163	3.39107315962931	0.000696195142018637	0.015867128841172	PLA2G6
MAFF	298.758664639305	-1.9149306019557	0.223189962421495	-8.57982402604355	9.50183916880059e-18	2.51576354503308e-15	MAFF
SRGAP3	163.573558687928	2.17960661658681	0.725294076413071	3.00513500312317	0.00265462993715014	0.0438701393597561	SRGAP3
HRH1	123.2577493698	-1.3773621382562	0.26220106400619	-5.25307608295475	1.49579709487691e-07	1.02838116290874e-05	HRH1
RARB	82.4987515282516	3.81881183388627	1.01606530481657	3.75843148642466	0.000170981842441279	0.00516431564888173	RARB
MYD88	1134.50957368138	-1.33060598844567	0.205950317383506	-6.46081057485293	1.04143616864269e-10	1.33604450335975e-08	MYD88
OXSR1	957.264479010691	-0.591644846001615	0.142181228483753	-4.1612022368285	3.16576576394675e-05	0.0012427378285979	OXSR1
CTNNB1	5335.62323620887	-0.640174248847537	0.0875807571956805	-7.30953087579735	2.68076652552388e-13	4.76563694908846e-11	CTNNB1
ZNF197	57.7556486314884	21.3507102025818	3.93252039252599	5.42926878221921	5.6585409968734e-08	4.21646012964627e-06	ZNF197
CDCP1	2404.58836627758	-1.06320985662586	0.197880868845524	-5.37297952464448	7.74461261301615e-08	5.63590405592824e-06	CDCP1
TMEM158	45.5067375734969	-3.13071073185485	0.780619711407946	-4.01054532200861	6.0578670167463e-05	0.00216000278385074	TMEM158
SEMA3B	131.977095299431	-1.68844941157601	0.357465157191863	-4.72339577048559	2.31938855261219e-06	0.000126589785739939	SEMA3B
HEMK1	217.584997387154	0.454649655553584	0.146775363121058	3.09758835465183	0.00195102227587041	0.0349834599437051	HEMK1
RAD54L2	179.010751997225	-0.601639423223244	0.198172753958984	-3.03593410902372	0.00239791760468979	0.0406810251624435	RAD54L2
DUSP7	1541.07064245573	-0.810312972496536	0.177390030153143	-4.5679735879011	4.92462068050437e-06	0.000253231321273539	DUSP7
DCP1A	205.581652326927	-0.934336576648846	0.270352014417167	-3.45600005482895	0.000548255209504355	0.0130949862323843	DCP1A
PRICKLE2	132.208791771528	1.86967649314154	0.40072580338891	4.66572523488583	3.07530420170966e-06	0.000163543100367842	PRICKLE2
CLDND1	494.226783887752	-0.697256000573792	0.217161967539906	-3.21076479676702	0.00132382239208299	0.0256999155180667	CLDND1
DCBLD2	3526.82948016901	-0.616833701410119	0.103558926982273	-5.95635469953941	2.57926217416404e-09	2.65258995828903e-07	DCBLD2
ZBED2	947.49025638768	-1.25118678666458	0.375028719989935	-3.3362425861629	0.000849190291138376	0.0185717468944217	ZBED2
TAGLN3	164.330269837871	-2.41347880577005	0.21836588880082	-11.0524533800766	2.13304576697826e-28	1.20652825110352e-25	TAGLN3
C3orf52	172.036665003285	-1.22433217237227	0.240976681119766	-5.08070808628898	3.76030578359412e-07	2.36329521065885e-05	C3orf52
ATG3	362.585986995358	0.564813906780013	0.190774757736978	2.96063228427067	0.00307008246532791	0.0489169093451223	ATG3
UPK1B	1117.86797684147	0.722438118357822	0.171719520539036	4.20708208414544	2.58689197685962e-05	0.00105545192655873	UPK1B
B4GALT4	482.69096475998	0.873221055468699	0.125033253810979	6.98391051062946	2.8707496367074e-12	4.41032203446751e-10	B4GALT4
TIMMDC1	611.249047424003	0.483495943740644	0.143968273179615	3.35835064950341	0.000784090795430792	0.0174547868664415	TIMMDC1
PARP9	500.808603923552	-2.19824069636343	0.414040021537769	-5.30924688922349	1.10079137098525e-07	7.82757018316599e-06	PARP9
DTX3L	533.062554948664	-2.3943764914864	0.503391939132759	-4.75648556393536	1.96992319071825e-06	0.000109927014283847	DTX3L
PARP14	706.191109402874	-2.51099233667921	0.562634489660536	-4.46291932475418	8.08504996522484e-06	0.000388456995240378	PARP14
HSPBAP1	33.0545748144553	1.06291253852434	0.354167923481494	3.00115416460033	0.00268958359094131	0.0443016556233519	HSPBAP1
KALRN	29.4001649443277	1.37157509842888	0.449783274907903	3.04941329512468	0.00229288807595822	0.0394643142700194	KALRN
NUDT16	297.89433462162	0.796116334898555	0.269544957110863	2.95355677743626	0.00314134816397887	0.0497340159701694	NUDT16
CDV3	1981.22553706905	-0.607886763406437	0.187728603171037	-3.23811477387172	0.00120322393305369	0.0240335772438526	CDV3
RASA2	157.721093876446	-1.73763039403732	0.477769334011664	-3.6369651008093	0.000275869291335868	0.00774924934849559	RASA2
PLOD2	2186.54731758425	-1.118868488533	0.356699386074247	-3.13672670101011	0.00170845299845552	0.0315430105530867	PLOD2
PLSCR1	458.065183599368	-2.62157920725846	0.176198957379381	-14.8785171390875	4.54460762880998e-50	8.07901390470163e-47	PLSCR1
TM4SF1	2011.98470354156	-0.569409759537464	0.174407670966913	-3.26482061471647	0.00109533421614873	0.0224923085573511	TM4SF1
TSC22D2	449.464864015559	-0.943130987997508	0.149650418937697	-6.302227515916	2.93398052428324e-10	3.65104536441807e-08	TSC22D2
RAP2B	908.309352842947	-0.49782103380891	0.154795869288331	-3.21598396712797	0.001299980945808	0.0253160608601482	RAP2B
TIPARP	1017.2097986133	-0.923887035265137	0.232970508866289	-3.96568235078797	7.3186275434434e-05	0.00255823036939915	TIPARP
KPNA4	1230.12533946808	-0.773513104924244	0.250103319369721	-3.09277424575393	0.00198294919556104	0.0352008841505872	KPNA4
MECOM	209.469010840696	1.67658165729506	0.416038018687606	4.0298760737873	5.58062662700189e-05	0.00202716170479706	MECOM
PLD1	154.40894298774	1.363449797023	0.429693585154607	3.17307459112385	0.0015083376721637	0.0285573210608542	PLD1
PIK3CA	222.051369153577	-0.700219559806919	0.226040561831256	-3.09776065912298	0.00194988835879641	0.0349834599437051	PIK3CA
GNB4	362.448641435805	-1.00993513630987	0.266429594993604	-3.79062669946299	0.000150267656083534	0.00469831837262185	GNB4
SOX2	72.0334107921956	1.63210533396309	0.503905082972797	3.23891421045896	0.00119985657641749	0.0240335772438526	SOX2
ABCC5	570.634260271553	0.902700298699663	0.255126971851562	3.53823937997771	0.000402804702935516	0.0104427119236033	ABCC5
EPHB3	129.95885505287	1.18576664671936	0.284599698992412	4.16643675631917	3.09397675278407e-05	0.0012261607233008	EPHB3
EHHADH	108.458387095424	0.999531144702012	0.338315322361791	2.95443652307631	0.00313240585695784	0.049690816298639	EHHADH
RTP4	17.5336767238969	-2.43167164252903	0.6714221939952	-3.62167301628759	0.000292703944496577	0.00814856350182417	RTP4
BCL6	203.314513887906	1.83436378886293	0.490633504711281	3.73876584303468	0.000184925871360346	0.00551850729786125	BCL6
CLDN1	2614.90979767717	-1.15328079873997	0.208756420905992	-5.5245285090384	3.30371591298968e-08	2.58562520888324e-06	CLDN1
IL1RAP	393.566342681099	-0.563015115168091	0.138515719100842	-4.06462976781866	4.81087666689781e-05	0.00179779427155785	IL1RAP
ATP13A4	16.6932045285318	1.6386450232646	0.543273703797641	3.01624211113109	0.00255928818294995	0.0427688062984867	ATP13A4
ATP13A3	1185.1729792687	-1.29775426636426	0.385029029575705	-3.37053615877838	0.000750220596415628	0.0168211623455785	ATP13A3
SENP5	259.862227278211	-0.625654064720222	0.192680774417161	-3.24710167173014	0.0011658673322662	0.0236287509490564	SENP5
RGS12	747.998866252904	-0.422044004575261	0.114345443110302	-3.69095604595403	0.000223412745188372	0.00645045986339698	RGS12
MSX1	9.32604380341296	-1.67200498485865	0.495794057690342	-3.37237802455256	0.00074522087098626	0.0167392211526228	MSX1
WDR1	4315.81152464242	-0.319918166863918	0.107403067772529	-2.97866879874864	0.00289503520071886	0.0468476177343894	WDR1
HS3ST1	147.727584157961	-1.34874421062961	0.354038150412841	-3.80960133549689	0.000139191048973915	0.00442990642821329	HS3ST1
CPEB2	178.218496025092	-1.63701282580738	0.318179457756931	-5.14493562013032	2.67612570610779e-07	1.72547711330597e-05	CPEB2
LAP3	454.710373747361	-1.16088558226818	0.225000424752518	-5.15948173673476	2.47634377575241e-07	1.63912882688633e-05	LAP3
PCDH7	352.671188730448	-1.07206059392875	0.243893122933898	-4.39561632994184	1.10458888166289e-05	0.000512891941918394	PCDH7
RELL1	64.8208482572859	-1.19328150263152	0.316487140369485	-3.77039490842633	0.000162989427688475	0.00499068501031991	RELL1
UGDH	318.431451557737	-1.21920350087348	0.198230293704925	-6.15043986510117	7.72683513670474e-10	8.66240868839223e-08	UGDH
CXCL3	78.3828176928531	-2.77946227319647	0.299430173920648	-9.28250562327447	1.65539047298671e-20	5.5674808232018e-18	CXCL3
EREG	309.588674660567	-2.09233349346731	0.501068326681265	-4.17574486762215	2.97012562882408e-05	0.00119226591371248	EREG
BTC	10.2950006806939	-2.07209208415667	0.563592406250574	-3.67657913977537	0.000236382544478872	0.00678533092327938	BTC
CXCL10	182.781704390658	-7.02847294519455	0.495390318588203	-14.187747885798	1.09106727236901e-45	1.357724113736e-42	CXCL10
CXCL11	65.0348314275239	-6.04724087922508	0.738776825574245	-8.18547722382143	2.71226682201302e-16	5.92130672511052e-14	CXCL11
STBD1	16.2448256247584	-1.37086314153871	0.438644141258938	-3.12522843142106	0.0017766703335416	0.032466649551612	STBD1
SOWAHB	96.8250811525858	0.869280197161388	0.227596943523918	3.81938431906067	0.000133785182748008	0.00429078044875313	SOWAHB
CCNI	1118.61893220804	-0.627160712524541	0.168644528094387	-3.71883226577937	0.000200145895939902	0.00592552337835147	CCNI
CCNG2	986.81673769832	-1.28715130432032	0.322544649618917	-3.99061434080854	6.59023679552269e-05	0.00232319848961712	CCNG2
ANTXR2	782.624396844507	-1.49180475097504	0.138492834520519	-10.7717107252507	4.68219321615574e-27	2.33060849527368e-24	ANTXR2
FGF5	251.076073799548	-1.98638844999769	0.401236242828676	-4.95067054759025	7.39582121644366e-07	4.3165718801435e-05	FGF5
SLC10A6	14.0139403067124	-1.61655681131717	0.465460345903883	-3.47302799377669	0.000514621675683749	0.0125321959534414	SLC10A6
PPM1K	110.947833207588	-0.859927889412297	0.23215460224586	-3.7041173472047	0.000212128050319232	0.00622575815606727	PPM1K
HERC6	222.700023206057	-2.32987785441879	0.38215342934287	-6.09670795948401	1.08275064868384e-09	1.18190781335278e-07	HERC6
HERC5	15.8370367339976	-3.77941999114973	1.02147645674336	-3.69995800314297	0.00021563514859953	0.00628400116226253	HERC5
FAM13A	90.6691506190429	2.21403217210038	0.639565873705427	3.46177346716926	0.000536628632019377	0.0129486102559672	FAM13A
TIGD2	97.4490485147039	1.0836389924809	0.29673818591569	3.65183533469731	0.000260372823831156	0.00734711886565737	TIGD2
PDLIM5	974.682591762777	-0.799882581467437	0.136707425340165	-5.85105439208671	4.88466436612033e-09	4.67402669867714e-07	PDLIM5
DAPP1	860.69614496421	-1.56122806768397	0.169381212652268	-9.2172446001382	3.04832592176659e-20	9.5962848085937e-18	DAPP1
NFKB1	526.470610883222	-0.883141565228041	0.220391585860511	-4.00714737715529	6.14565175217371e-05	0.00218504258297285	NFKB1
SGMS2	322.399268517117	-1.03667649520671	0.287652938149153	-3.6039141539002	0.000313460626742475	0.00864901117335556	SGMS2
SLC7A11	122.451920122156	-1.06614452866696	0.31078122290813	-3.43053070803484	0.000602401784620427	0.0141706763852866	SLC7A11
IL15	19.1963188808162	-1.3057840903262	0.408709326886483	-3.19489672592883	0.00139880885318437	0.0269454758034463	IL15
GAB1	151.866978710762	1.04494659155535	0.33298672357627	3.13810286588199	0.00170045189539699	0.0314419366810107	GAB1
ZNF827	168.931329874699	1.3792893409153	0.342290750355958	4.02958402901902	5.58756400470421e-05	0.00202716170479706	ZNF827
DDX60	294.183805431909	-3.04283751022978	0.729818522978463	-4.1693070461019	3.05527152662011e-05	0.0012185832973481	DDX60
DDX60L	521.611547105535	-4.10988767810024	0.327886261156658	-12.5344918802091	4.83450072667695e-36	3.760032940173e-33	DDX60L
PALLD	1901.63507422166	-0.50121078323957	0.0909314135912766	-5.51196515532508	3.5484918280715e-08	2.72576742645196e-06	PALLD
SH3RF1	268.376931232376	-0.724105021578729	0.164850342326857	-4.39249935036841	1.12054965139571e-05	0.000518368768102906	SH3RF1
VEGFC	594.926309200922	-1.73155005212738	0.124794454856931	-13.875216283548	8.95226519880324e-44	8.56938370260827e-41	VEGFC
CASP3	453.478550990485	-0.884354519852622	0.247466321350391	-3.57363585891937	0.000352058444339019	0.00941609539788686	CASP3
MARCH6	681.905224527966	-0.335186423898544	0.113104473453722	-2.96351164249652	0.003041505560025	0.0486179819369645	MARCH6
LOC100130744	21.2057124469992	1.66507942025365	0.548568064300921	3.03531964146615	0.00240280886325908	0.0406810251624435	LOC100130744
OSMR	1084.75989404059	-0.938820077951191	0.294490881328939	-3.18794277674952	0.00143288890233405	0.0273899685109752	OSMR
RICTOR	252.273953691637	-1.09586224444443	0.244178650863202	-4.48795273694249	7.19108765733524e-06	0.000352306672471967	RICTOR
ITGA2	2905.66231623697	-1.88935533818878	0.389973221149077	-4.84483353144531	1.26717879555744e-06	7.23338207886089e-05	ITGA2
FST	1488.27934916229	-1.7104031602251	0.573153979064639	-2.98419486333567	0.00284325633870171	0.0462503031095478	FST
ESM1	5.36473946424788	-6.18634878150469	1.12017338202619	-5.52267075862372	3.3388504103556e-08	2.59679090665407e-06	ESM1
IL6ST	775.818535596024	-0.879486707286521	0.266926682433431	-3.29486246660957	0.000984698605821151	0.0207687956793871	IL6ST
GPBP1	414.346583643464	-0.569358499695891	0.158571993965253	-3.59053629495667	0.000329998272205842	0.00900547916519625	GPBP1
PLK2	1629.84380269768	0.721067409678124	0.173445419947769	4.15731594351274	3.22008520037855e-05	0.00125221063229721	PLK2
SREK1IP1	611.432590830037	-1.47780972477683	0.2263380631137	-6.52921432854386	6.61155843338167e-11	8.66044559421069e-09	SREK1IP1
ADAMTS6	84.7377262659991	-2.95294282116572	0.573266246878326	-5.15108439969338	2.58984598772255e-07	1.69621281427471e-05	ADAMTS6
SGTB	129.115464978248	-1.15899016199136	0.357440104424191	-3.24247376734183	0.00118496856562893	0.0238991066947915	SGTB
ARHGEF28	555.664686889151	0.745434457756677	0.24466406806426	3.04676720065364	0.00231316784994222	0.0397583711666864	ARHGEF28
HMGCR	1794.05267780567	-0.568919019083966	0.164067702119968	-3.46758692742565	0.000525153859292854	0.0127388199318524	HMGCR
JMY	85.6780406601241	1.36910231451993	0.381518986601062	3.5885561730943	0.00033251435482128	0.00903451666243671	JMY
GLRX	437.376495526804	-1.17562044584238	0.281375141120789	-4.17812476667123	2.93922415650015e-05	0.00118367978652064	GLRX
RGMB	346.917952594817	-1.93899852044552	0.313873558608135	-6.1776421341255	6.50659911793764e-10	7.56711396482393e-08	RGMB
EFNA5	110.962992144029	0.995118782365269	0.324428918628868	3.06729371281369	0.00216006496453656	0.037805693978471	EFNA5
FEM1C	178.22831545805	-0.899756057305974	0.228227189303444	-3.94237014464428	8.06803345213721e-05	0.00276580188094753	FEM1C
ZNF608	138.437811785882	3.67007529780715	0.658323238307019	5.57488340719268	2.4769570261807e-08	2.02784560748636e-06	ZNF608
C5orf56	6.89945681153515	-2.24933511339383	0.622461934115833	-3.61361071274	0.000301962329692891	0.00836886242917225	C5orf56
IRF1	237.655478944007	-1.96846780687434	0.368423864642917	-5.34294326666981	9.14493921107028e-08	6.6162571827069e-06	IRF1
BRD8	323.166480442453	1.14094036079317	0.321731308078707	3.54625220531556	0.000390752040124969	0.0102368808154002	BRD8
EGR1	1017.7660811523	1.6356096794945	0.279286559886364	5.85638521295116	4.73050277509433e-09	4.6351477585255e-07	EGR1
HBEGF	448.124031461666	-1.35623587986862	0.138969273647466	-9.7592499713936	1.6839596892052e-22	6.35005890074832e-20	HBEGF
ARAP3	244.971850710452	0.756932023242486	0.197918748436741	3.82445841650225	0.000131059863114674	0.00421423497829201	ARAP3
SPRY4	254.840010922109	-1.40583865042158	0.474190094367701	-2.96471534753623	0.00302963116594282	0.048583415243547	SPRY4
NR3C1	523.604364049944	-0.806288635582416	0.162516946326873	-4.96125883365243	7.003778951258e-07	4.13056991798363e-05	NR3C1
SPINK5	437.334658088015	1.56670913855574	0.269573640357236	5.8118039155444	6.18032074413663e-09	5.69688232148417e-07	SPINK5
ADRB2	386.216611148463	-1.2294466238668	0.180258208033266	-6.82047512443875	9.07398997720474e-12	1.29789346294639e-09	ADRB2
ARHGEF37	393.69405916537	1.77176633284284	0.572224471108541	3.09627851009323	0.00195966203471423	0.035037405689632	ARHGEF37
TNIP1	1654.43843325676	-0.492542428481953	0.151708918795917	-3.24662803209701	0.00116780908263478	0.0236296198769222	TNIP1
SAP30L	146.243768736472	-0.556592160665458	0.172305786409085	-3.23025809095005	0.00123678517254068	0.0244294518842797	SAP30L
CCNJL	87.0596644355285	0.864573458062741	0.24424359292243	3.53979995019694	0.00040043044181845	0.0104028317703315	CCNJL
WWC1	556.249395337606	-0.789881697158656	0.10985789311294	-7.19003136485254	6.4776439962175e-13	1.07477069185241e-10	WWC1
UBTD2	205.282115592257	-0.675378102042242	0.191842508015621	-3.520482029912	0.000430763180473115	0.0110029366920061	UBTD2
ATP6V0E1	1991.76471678577	0.516357428048787	0.162106148891051	3.18530439209818	0.00144601823028228	0.0275985442601728	ATP6V0E1
FAM193B	312.649078530799	0.572332362324292	0.16386060394954	3.49280027370422	0.000477983866361803	0.0117087228996187	FAM193B
EDN1	274.656124755363	-1.75994690012455	0.474280812627063	-3.71076976607197	0.000206629969482088	0.00609313587733436	EDN1
CD83	18.8101558116514	-1.39449061257107	0.418409876975891	-3.33283387727346	0.000859662550660615	0.0187021691965397	CD83
GMPR	7.74650418634148	-2.79076799002033	0.841583600493373	-3.31609122181594	0.000912860262700356	0.0196874057349103	GMPR
ZSCAN31	277.782759747782	2.77812717349504	0.743362133263136	3.73724601937941	0.000186046864826928	0.00553867747824473	ZSCAN31
HLA-F	27.9421422228467	-3.69063465020468	0.514016182471247	-7.17999700410431	6.97129465362682e-13	1.14145777197016e-10	HLA-F
HLA-E	2191.50011849924	-0.770479475824469	0.182374065331244	-4.22472062804026	2.39237373985185e-05	0.000995675545776468	HLA-E
C6orf136	124.094542053291	0.983640089321599	0.311062383394252	3.16219556536638	0.00156584366547945	0.0293349315826608	C6orf136
HLA-C	2401.50538876257	-0.792620386980205	0.224958312457759	-3.52341008571994	0.000426031621981133	0.0109391051298557	HLA-C
HLA-B	630.369768925483	-2.01274696223389	0.166253656410443	-12.1064823817461	9.75902750088133e-34	6.74674101227596e-31	HLA-B
EHMT2	306.298492806484	0.861275496541172	0.227919781636465	3.77885364033437	0.000157551987022917	0.00485657687303212	EHMT2
PPT2	67.2770842928152	0.886518000551688	0.264286904401518	3.35437732928622	0.000795438132943784	0.0176757716542008	PPT2
TAP2	635.166061917861	-0.866017473713728	0.202132729245793	-4.28440004221509	1.83232963921897e-05	0.000788979585828404	TAP2
PSMB8	149.041971993056	-1.42351933173273	0.170108997510868	-8.36827770760202	5.84664728424841e-17	1.37274865670165e-14	PSMB8
TAP1	594.554001732482	-2.695256290687	0.259456301031307	-10.3880934090777	2.80912219505418e-25	1.24845416411622e-22	TAP1
BAK1	716.347985399011	-0.791403789831819	0.136543047106525	-5.79600211510149	6.79144071761501e-09	6.16880936423366e-07	BAK1
SPDEF	112.245901371478	-1.5186101038352	0.4101922892694	-3.70219076165478	0.00021374580664976	0.00625847721870497	SPDEF
PPARD	1533.23995362002	-1.16486336303072	0.331850777295697	-3.5102023039493	0.000447765882269336	0.0113022284765915	PPARD
ETV7	18.7267341418848	-5.55063273065857	0.699782554008771	-7.93193928436946	2.15749917790732e-15	4.40129832293093e-13	ETV7
TMEM217	31.9702997456107	-1.53658826756168	0.479451560407608	-3.20488740563352	0.00135115324284511	0.0261602412697954	TMEM217
MOCS1	82.2642554828827	0.999049651857143	0.246687105659291	4.04986571627692	5.12470313629898e-05	0.00190363599486879	MOCS1
TRERF1	284.480564470993	1.10665275290367	0.291571415377239	3.79547752125108	0.000147359547126142	0.00464238532769041	TRERF1
MAD2L1BP	222.728584741517	-0.835050328095179	0.211020347988032	-3.9572028766749	7.58325229021272e-05	0.00262857915040131	MAD2L1BP
NFKBIE	100.554511438018	-0.988285262643103	0.21976595019484	-4.49698991935244	6.89222545396122e-06	0.000341700611749376	NFKBIE
AARS2	296.820772486779	0.694305895577535	0.151674849489339	4.57759409628646	4.70354235267862e-06	0.000242866726293497	AARS2
PAQR8	33.5610372268216	1.40172033671513	0.3982229814756	3.51993833083442	0.00043164714783166	0.0110029366920061	PAQR8
PTP4A1	2325.75522890428	-1.02604519449999	0.346257308450046	-2.96324487443422	0.00304414293189997	0.0486179819369645	PTP4A1
MIR30A	21.1937049960659	19.9574204555086	3.93337767656537	5.07386325356262	3.89819241058203e-07	2.43764353554185e-05	MIR30A
NT5E	2453.55642608522	-1.36658615651529	0.359832246071248	-3.79784238749049	0.000145961082261602	0.00460999925802886	NT5E
FBXL4	105.442429057078	0.736505156382243	0.242605849283022	3.03580955924539	0.00239890830343455	0.0406810251624435	FBXL4
SESN1	149.607981398972	1.43885974239627	0.376914515480776	3.81746970015449	0.00013482733931157	0.00431308845859429	SESN1
MICAL1	420.183203510077	0.479896494241318	0.149829170145603	3.20295770025928	0.00136023958874968	0.0262838842273307	MICAL1
WASF1	193.914904897977	0.666686324555535	0.179792588592075	3.70808568793764	0.000208831995944034	0.00614351148351668	WASF1
IFNGR1	692.387640164817	-0.626054387469779	0.185896775577458	-3.36775280542141	0.000757835112535293	0.0169308799647921	IFNGR1
TNFAIP3	702.140906155945	-1.19624014924804	0.27878316174675	-4.29093400674864	1.77923188336441e-05	0.000768776442937039	TNFAIP3
CITED2	218.763268492844	1.18410701877141	0.219966577514577	5.38312243682992	7.32047071528128e-08	5.39029216455386e-06	CITED2
FBXO30	199.813086042072	-0.720476446653612	0.189592899231679	-3.80012357832665	0.000144623948164944	0.00459107247695041	FBXO30
SASH1	174.378762781216	1.06702432904936	0.304214122181433	3.50747796124003	0.000452375823358185	0.0113305411324189	SASH1
PLEKHG1	77.279335651941	1.29373955120261	0.36770245242231	3.51844145362604	0.000434089587288785	0.0110241037229013	PLEKHG1
AKAP12	647.066105467391	-2.81618225223589	0.672599549581115	-4.18701180217823	2.82651133368254e-05	0.00114198399468654	AKAP12
CNKSR3	33.6138793479272	1.93296099886703	0.581248654200996	3.32553199890698	0.000882499696987467	0.0191321014447945	CNKSR3
SNX9	679.92243408733	-0.72001724350359	0.234710824564128	-3.06767804527424	0.00215728904557209	0.037805693978471	SNX9
SYNJ2	197.802480896183	-1.30842872670126	0.177159291887821	-7.3856059863333	1.51760591009328e-13	2.7772188154707e-11	SYNJ2
EZR	6255.0808826772	-0.350712845473913	0.117868812893871	-2.97545073088752	0.00292558340895945	0.0472191438924662	EZR
SOD2	716.944411514202	-0.991225732919025	0.20581915589168	-4.81600329485705	1.46462105724748e-06	8.24694318388581e-05	SOD2
QKI	483.846808870278	-0.802024179363545	0.194101353171822	-4.13198654340951	3.59641480111469e-05	0.00138128968472442	QKI
FAM20C	59.4769484895674	-0.722504724779991	0.237677177650537	-3.03985738943058	0.0023669019503872	0.0404029188897371	FAM20C
TMEM184A	241.976677811771	1.28611154582596	0.334190892496194	3.84843385832426	0.000118875382909569	0.00391345308181661	TMEM184A
PSMG3-AS1	28.4999522061899	1.19813160846552	0.384979043109236	3.11219955971878	0.00185698923256773	0.0334587195050299	PSMG3-AS1
FBXL18	472.839309331132	-0.507460843657457	0.156900818530466	-3.23427786043653	0.0012195074714969	0.0242202368563552	FBXL18
NFE2L3	157.141071836358	-0.782964318527678	0.261196380587124	-2.99760784114891	0.00272107567881494	0.0445540338778593	NFE2L3
CREB5	54.9851888832713	-2.34010216062577	0.355995149442913	-6.57341023968369	4.91757234128915e-11	6.58002905537658e-09	CREB5
KBTBD2	306.154466490835	-0.717926465286799	0.125364713492027	-5.72670287586512	1.02401286049711e-08	8.91106016505319e-07	KBTBD2
RALA	1375.36382338083	-0.822418482871755	0.25074280095871	-3.27992859506736	0.00103833362823105	0.0216070629928213	RALA
INHBA	584.036005587444	-2.58550514747089	0.254009073815485	-10.1787905000159	2.46607393719866e-24	9.89929808854841e-22	INHBA
STK17A	1294.21540514875	-1.59793240218078	0.363199706342623	-4.39959717553674	1.08452005089652e-05	0.000505459457429073	STK17A
ZMIZ2	380.772872895633	0.833376314189748	0.275045060661072	3.02996284385811	0.00244583826351032	0.0412412077928488	ZMIZ2
PURB	439.088494158188	-1.31641956021219	0.406834931774619	-3.23575843025562	0.00121320008997867	0.0241552990715114	PURB
GRB10	327.301474719588	-0.844023763183399	0.140490298311131	-6.0077014094896	1.88171976281204e-09	1.95134339403608e-07	GRB10
ZNF107	103.789081780857	-1.19492919844658	0.327196353112984	-3.65202480736073	0.000260180743806419	0.00734711886565737	ZNF107
RABGEF1	424.113351653581	-0.586768931080894	0.138016987117617	-4.25142544649851	2.12414221155063e-05	0.000896027989170712	RABGEF1
FZD1	98.0280584248483	0.846060963871577	0.255769454238059	3.30790463776062	0.000939968112478199	0.020132466767089	FZD1
CYP51A1	1491.09298275787	-0.688814055444512	0.133533133887882	-5.15837556859004	2.49101569048214e-07	1.64011636255872e-05	CYP51A1
CDK6	1146.32925161184	-0.77283887737922	0.179276596184539	-4.31087433511786	1.62610301096987e-05	0.000715025649063924	CDK6
SAMD9	1458.73731132545	-2.45605594121385	0.433820816395285	-5.66145249004364	1.50097064724432e-08	1.27061760097335e-06	SAMD9
SAMD9L	209.10921656007	-3.12336804920405	0.44455609683417	-7.02581310085854	2.12823186676236e-12	3.39534837820395e-10	SAMD9L
DLX5	5.39896793487773	5.1657000993648	1.65897324842354	3.11379348899905	0.00184698714948902	0.0333583571672589	DLX5
PILRB	118.658086151787	9.62221111375116	2.88234768236845	3.33832423222604	0.000842853361054469	0.0184922421942702	PILRB
GIGYF1	287.354347822098	0.759101504738646	0.191808194772467	3.95760726302195	7.57042952382103e-05	0.00262857915040131	GIGYF1
TRIM56	191.740101065452	-1.62457007965567	0.313155836088664	-5.18773687869481	2.12865072734452e-07	1.42413600274598e-05	TRIM56
PNPLA8	327.028243862753	-0.748593125367768	0.216550828864856	-3.45689337367971	0.000546441016687161	0.0130930740532755	PNPLA8
ZNF800	129.369269442066	-1.37573039117667	0.383818652174676	-3.58432395971881	0.00033795241122016	0.00916226537085768	ZNF800
HILPDA	201.045686475707	1.55912746454191	0.490260091537573	3.18020473510726	0.00147171033651521	0.0280030021828675	HILPDA
BPGM	377.020722654083	-0.928928516979979	0.180907025531001	-5.13483936985517	2.82385102835471e-07	1.80205139471005e-05	BPGM
TMEM140	47.6401773656735	-2.44424332155199	0.265218103480023	-9.21597466191102	3.0846302824152e-20	9.5962848085937e-18	TMEM140
WDR91	209.763816239855	1.22014371671335	0.27996119476543	4.3582601429304	1.31100496939625e-05	0.000593241666878799	WDR91
ZC3HAV1	1443.33924265416	-1.77515347543811	0.367267727872268	-4.83340446415561	1.34217704292858e-06	7.62650736173663e-05	ZC3HAV1
PARP12	321.11143272224	-1.89586256415793	0.258545914945349	-7.33278870238069	2.25412188910314e-13	4.06525982434776e-11	PARP12
SLC37A3	348.439052990261	-0.683110451056133	0.194519065433491	-3.51179175950596	0.000445096608121552	0.0112576873810256	SLC37A3
EZH2	114.11330479725	1.0830616703591	0.331829494118791	3.26391019952971	0.00109885988079236	0.0225275327126526	EZH2
KRBA1	128.286231687195	0.763987337337791	0.241021538351571	3.16978865276092	0.00152549852852075	0.028806227145542	KRBA1
ZNF862	158.978110961268	1.31588159374859	0.305717997112515	4.3042333332581	1.6756498858573e-05	0.000731641655424851	ZNF862
CDK5	175.307405681248	0.61257802888381	0.189869077299497	3.22631803765253	0.00125393936081681	0.0246120211451172	CDK5
INSIG1	762.1725665845	-1.00569776689661	0.227851441805091	-4.41383104240747	1.01557229250189e-05	0.000476897419165795	INSIG1
SLC39A14	668.145879442607	-0.842828132491515	0.117036312143894	-7.20142421657371	5.95868423024628e-13	1.00202522379979e-10	SLC39A14
TNFRSF10D	705.088130167574	-0.515786967490829	0.144332891310956	-3.57359270507233	0.000352116498476361	0.00941609539788686	TNFRSF10D
TNFRSF10A	287.431564418853	-0.982204649116144	0.160167471671751	-6.13236032800147	8.65847168103119e-10	9.62018049988859e-08	TNFRSF10A
NKX3-1	48.0834303208727	-1.200425467023	0.347273998499746	-3.45670989538215	0.00054681317582866	0.0130930740532755	NKX3-1
PPP2R2A	862.030138611199	-0.596543080061583	0.185182375796203	-3.22138150294654	0.00127574205180235	0.0249932161879726	PPP2R2A
KIF13B	201.328617311749	1.04863409757567	0.254165459308543	4.12579309725434	3.69459316341801e-05	0.00140597912310623	KIF13B
DUSP4	1666.67229784241	-1.6643779221289	0.429035875872769	-3.87934439921401	0.000104738374850008	0.00350366757159544	DUSP4
NRG1	334.022073090418	-2.03365453652777	0.386996766321747	-5.25496519223369	1.48052469513011e-07	1.02353607256662e-05	NRG1
PLAT	189.987376964876	-2.22064551740737	0.405802018885123	-5.47223871263195	4.44385679125424e-08	3.37191182380291e-06	PLAT
HOOK3	402.546346187787	-0.722445023207817	0.156201550466682	-4.62508228022946	3.74449726188337e-06	0.000195783713978473	HOOK3
LYN	384.508242060469	-0.77549919042682	0.127370291424683	-6.08854059885222	1.13944561171623e-09	1.22274347815552e-07	LYN
ASPH	2440.43747302057	-0.492506270137394	0.130747457389446	-3.76685160821453	0.000165319195841253	0.00502990726906737	ASPH
NCOA2	162.801683973779	1.34263692282578	0.397189943889667	3.38033966740795	0.00072396299986258	0.0163799919459817	NCOA2
EYA1	37.7902911384112	2.45604488805651	0.701630584670238	3.50048150938408	0.000464418456055976	0.0114667128316678	EYA1
JPH1	91.0791791499367	1.1847291581499	0.391268693587482	3.02791707480427	0.00246245649703152	0.0414092008771084	JPH1
FABP5	904.960585345934	0.77401936201878	0.246859131805222	3.135469838035	0.00171579071167811	0.0315847627457431	FABP5
CA13	53.3841160320004	-1.72914759163175	0.428736120702273	-4.03312785682575	5.50393134013334e-05	0.0020085314251208	CA13
NIPAL2	208.60852206997	-0.668100052998356	0.225014781371551	-2.96913851137259	0.00298635950995002	0.0479578518148837	NIPAL2
GRHL2	429.237563405045	1.51323106178403	0.229698013797502	6.58791531004736	4.46044934239046e-11	6.03324256703336e-09	GRHL2
AZIN1	894.84756488125	-0.82856003585576	0.224534291871496	-3.69012692426489	0.000224142189477007	0.00645654029132378	AZIN1
NUDCD1	355.762660268911	-1.27368347895654	0.277408977489312	-4.59135638105157	4.4037462980222e-06	0.000228334245552451	NUDCD1
TRPS1	147.906372024566	1.5995355430084	0.37989179349077	4.21050301800548	2.54802719594451e-05	0.00104966637713114	TRPS1
EXT1	762.533349394871	-0.816631007793666	0.216116236654576	-3.77866568673833	0.000157670930304161	0.00485657687303212	EXT1
FAM83A	4029.14925418684	-0.754969532674106	0.200989407905209	-3.75626527060653	0.000172467882428127	0.00519658675287074	FAM83A
WDYHV1	42.4316850293822	-1.00064362924981	0.290393909947685	-3.4458147880239	0.000569340429232227	0.0135725523014671	WDYHV1
TRIB1	202.239868067913	-1.34725919749614	0.260110195371703	-5.1795708952157	2.22396880995104e-07	1.47995015353105e-05	TRIB1
MYC	2666.84277322938	-0.79614571461282	0.138255094862312	-5.7585271299094	8.48510312634631e-09	7.54204452173239e-07	MYC
FAM49B	751.667450594435	-0.716788048974805	0.198396919017958	-3.61289909401227	0.000302792558185781	0.00837322354236413	FAM49B
AGO2	421.357257872593	-1.45695652479185	0.493513912577529	-2.95220962907092	0.00315508656547264	0.0498247426659156	AGO2
JRK	85.016872152772	0.875364754104938	0.256803137949146	3.40869960194289	0.000652733137709758	0.0151541253090676	JRK
LY6D	177.624692123267	1.00773460630133	0.29123616900668	3.46019730220463	0.000539779726369306	0.0129922996420496	LY6D
LY6E	761.566082899688	-0.694126846396841	0.154597536126178	-4.48989591807152	7.12579838130501e-06	0.000350487885600631	LY6E
PARP10	151.634494926023	-1.58288297821674	0.230564083530254	-6.86526259415871	6.63690535615593e-12	9.83210122047671e-10	PARP10
CD274	385.489931102498	-2.62108013387821	0.258960562754372	-10.1215416973137	4.43375969534125e-24	1.72417830152583e-21	CD274
LURAP1L	110.408327240159	1.45674244414279	0.253327029085721	5.75044222245172	8.90103190902435e-09	7.85563411885808e-07	LURAP1L
DDX58	952.97401055369	-4.59984662908826	0.36594782844507	-12.5696787124909	3.09981049498081e-36	2.57160278663608e-33	DDX58
DNAJA1	1986.91108232827	-0.718199348305992	0.107062199757648	-6.70824389870325	1.96980502403128e-11	2.75418581112868e-09	DNAJA1
AQP3	1098.02238818935	1.19798704299446	0.201899604908879	5.93357794600507	2.96403182446241e-09	2.99873268484636e-07	AQP3
RMRP	41.926897881729	-3.30860877327504	1.11434867068111	-2.969096531746	0.00298676753106195	0.0479578518148837	RMRP
FBXO10	89.7262310469112	0.865826003151229	0.234543496613216	3.69153703109943	0.000222902934840805	0.00645045986339698	FBXO10
DCAF10	211.224076597444	-0.807256887431203	0.267792928949771	-3.01448171390149	0.00257418728165854	0.042939928328363	DCAF10
SHB	410.975435557464	-0.846942427588214	0.16469689682642	-5.14243099844703	2.71206063088996e-07	1.7396331180822e-05	SHB
DAPK1	53.7519032510791	1.70711926299496	0.518610192202142	3.29171946225378	0.000995768890186981	0.0208960338439912	DAPK1
S1PR3	59.6060232523318	-1.04432732226054	0.326951740218256	-3.19413293706098	0.00140251516686948	0.0269751139668064	S1PR3
PTCH1	35.6514595807703	1.74265113589925	0.522027161168919	3.33823843954234	0.000843113661499568	0.0184922421942702	PTCH1
TDRD7	170.903696780803	-2.34275209384492	0.400123576465245	-5.8550713620556	4.76805236399310e-09	4.63544090761954e-07	TDRD7
TGFBR1	753.47424678235	-1.01056489637596	0.323358372667526	-3.12521642176563	0.00177674287565475	0.032466649551612	TGFBR1
SLC44A1	456.960630928926	-0.664297371152778	0.189347063569008	-3.50835845368508	0.000450881093811814	0.0113305411324189	SLC44A1
CTNNAL1	325.954897110583	-1.1574341968017	0.269406013147444	-4.29624485095751	1.73715702737029e-05	0.000753211918069543	CTNNAL1
EPB41L4B	332.575286106758	0.611886980994405	0.176762913942477	3.46162533388382	0.000536924051115322	0.0129486102559672	EPB41L4B
ALAD	231.172119350507	0.865803907372479	0.259126834602783	3.34123599626289	0.000834062954140688	0.0184026230519977	ALAD
ZNF618	258.355559429204	1.29824881745211	0.426749717884681	3.04217850192683	0.00234872567306851	0.040202946734064	ZNF618
TNFSF15	30.9746989919925	-1.08501483978237	0.291794290697085	-3.71842381559389	0.000200469731781258	0.00592552337835147	TNFSF15
MEGF9	273.934290645737	0.702264774991634	0.232838725912582	3.01609954374727	0.00256049185891776	0.0427688062984867	MEGF9
CNTRL	111.527458488123	1.47355638953679	0.473017617614332	3.11522517272969	0.00183804539636355	0.0332451117912035	CNTRL
FAM102A	187.983067300986	0.865331537719412	0.293060835398208	2.95273688326046	0.00314970304599709	0.0498029284680912	FAM102A
DOLK	213.289362941167	0.514568805584728	0.17247786813633	2.98339033955361	0.0028507417071651	0.04631152715922	DOLK
TOR1B	355.355550850839	-0.585860487514313	0.128303172964359	-4.56621979003637	4.96598089068805e-06	0.000254307268328074	TOR1B
EHMT1	540.414515340305	0.394928646575503	0.111085780825666	3.55516830003012	0.000377737219404252	0.00995881770819175	EHMT1
SHROOM2	163.051295634297	0.762678832557864	0.201142619283966	3.79173163436408	0.000149600524990438	0.00468924164478845	SHROOM2
PDHA1	708.322770453713	0.49860029897086	0.162834681752925	3.06200309174556	0.00219861181675477	0.0383186630920117	PDHA1
ACOT9	707.69110964191	-0.590028471528193	0.189104846807377	-3.1201128976308	0.00180781737241209	0.0328895897401988	ACOT9
CXorf38	240.703432535687	-0.734062824689469	0.225313330006918	-3.25796447403681	0.00112214453477442	0.0229670503137054	CXorf38
RP2	305.819633717938	-0.807768293899917	0.162153186190729	-4.9815135482432	6.30888663759678e-07	3.7744127556853e-05	RP2
GPKOW	159.541711661772	0.595495647114863	0.195546959547754	3.0452820565049	0.00232462190138913	0.0399001309529466	GPKOW
MAGED2	1003.42202747144	-0.464956229731958	0.154433169085925	-3.01072776323888	0.00260622403572375	0.0432367455194987	MAGED2
EFNB1	1893.27841210853	-0.562660166253325	0.188314695259782	-2.98787179342074	0.00280927372423033	0.0457573327543485	EFNB1
TMEM164	417.317651976728	0.462497745137007	0.136041998354086	3.3996688576511	0.000674675070816565	0.0155397278960184	TMEM164
IL13RA2	21.1887227096648	-2.96228638544926	0.931923113141788	-3.17868109898307	0.00147946764819489	0.028107626586469	IL13RA2
VGLL1	94.4755094680633	1.03241070574919	0.328277045671907	3.14493723932506	0.00166122463733233	0.030808166001436	VGLL1
G6PD	718.873924843233	-0.43266674469095	0.143676303517766	-3.01139947296493	0.00260046492522899	0.0432045200661542	G6PD
