	baseMean	log2FoldChange	lfcSE	stat	pvalue	padj	symbol
ABCA1	9.52569161845115	-1.90241716864978	0.551543452314698	-3.4492607258155	0.000562123661969731	0.0192246292393648	ABCA1
ABHD11	7.88903133085898	0.997675641034293	0.291634022807494	3.4209850806497	0.000623947549987862	0.0196802975291355	ABHD11
ABTB1	289.082808621116	1.07117218993815	0.350569327786916	3.05552170436666	0.00224669341050098	0.0372326566332986	ABTB1
ACAP1	92.5549858218729	0.748601635591859	0.234368820966973	3.19411785451338	0.00140258844657426	0.0290883615601446	ACAP1
ACOT8	17.8896660704247	0.909812000937247	0.299822692071859	3.03450013956646	0.00240934644002439	0.0382415180139073	ACOT8
ACP5	22.547203937211	1.1221034861686	0.242303933490152	4.63097511462482	3.63947618731621e-06	0.000732990504125485	ACP5
ACSF2	7.69974109499613	1.01966128633803	0.297536405830184	3.42701352290983	0.000610258678519023	0.0196802975291355	ACSF2
ACTB	5066.87326525292	0.803169326624055	0.21448015450441	3.74472560633827	0.000180591037004753	0.010229353552338	ACTB
ADAM17	12.0521545296027	-1.39597831512818	0.458828137736874	-3.04248628258438	0.00234632511109414	0.0379623987064061	ADAM17
ADGRE5	256.272497402118	0.826666289379653	0.277533035822638	2.9786230202445	0.00289546771391575	0.0417245382468401	ADGRE5
ADRM1	30.4761331273259	0.790822950295401	0.265735444018234	2.97597843305064	0.0029205540016735	0.0418838406308301	ADRM1
AGAP3	8.17213191098241	0.874859354924835	0.271613684801577	3.22096935419123	0.0012775780852022	0.027657323782342	AGAP3
AGPAT2	18.4216012725967	1.47383469400699	0.390229980827289	3.77683613873659	0.00015883315236297	0.00962489609957397	AGPAT2
AIF1	1369.71501154848	0.902118874899003	0.238306254275952	3.78554426798374	0.000153372527376928	0.00945588582052451	AIF1
AKAP8L	37.399645613966	0.446282947029481	0.153976676451415	2.89838017883376	0.00375095603261675	0.0460440886889148	AKAP8L
AKT1S1	7.88172131586038	1.16458591556035	0.283917381546998	4.10184790101542	4.0986367149069e-05	0.00433539331964645	AKT1S1
ALDOA	587.478143131138	0.880349200039243	0.270583637551959	3.25351971761482	0.00113984814525155	0.0260165605004371	ALDOA
ALKBH7	9.07758963027271	1.42117509891215	0.444213991550345	3.19930287191569	0.00137760361564112	0.0289680314815672	ALKBH7
ALPL	239.249073998897	1.36040996905624	0.470819122145181	2.88945351849314	0.00385912055153416	0.046695873909952	ALPL
AMDHD2	3.89060061808753	1.28793439634986	0.443482669903938	2.90413692293509	0.00368267065633681	0.0455334845271222	AMDHD2
ANAPC15	70.8664283289492	0.812319465359808	0.221317662024452	3.67037794421514	0.000242192098180607	0.0121943721433935	ANAPC15
ANXA11	173.02672835337	0.710696290683464	0.222232370739594	3.19798726134384	0.00138390393505042	0.0289818489522691	ANXA11
AP2A1	15.8783668741262	0.621650027249151	0.214551758817571	2.89743617426007	0.0037622628294362	0.0460775513826761	AP2A1
APEH	40.0689206841967	0.564017054559068	0.188681826293033	2.98924949816375	0.0027966366351037	0.0411752747859372	APEH
APP	32.9588806976907	-0.776011275026671	0.267545236159049	-2.90048623614943	0.00372584200745191	0.0459419130796417	APP
APRT	88.2760980614979	1.18413493442639	0.350730824500183	3.37619294259028	0.00073496358642317	0.0214870160766232	APRT
ARAF	37.3060718671485	0.697157443640491	0.205462025826478	3.39312065495388	0.00069101194370616	0.0207297482235913	ARAF
ARAP1	130.953208709792	0.800104163219209	0.245220443201584	3.26279551889352	0.00110319087196039	0.0257686053416933	ARAP1
ARF4	93.2323060537985	-0.420236376063748	0.146066685068945	-2.87701727375679	0.00401453618727835	0.0478035966741763	ARF4
ARF5	209.760352628092	1.00881650413423	0.264903089518126	3.80824740839877	0.000139955208929056	0.0091252809965758	ARF5
ARFGAP1	14.755710932636	1.02138768728119	0.303579066409029	3.36448655489643	0.00076686220533525	0.0219262570551753	ARFGAP1
ARFGAP2	49.8954859619915	0.570105785978141	0.175096648035847	3.25594917077696	0.00113013981476163	0.0259960841146818	ARFGAP2
ARFRP1	10.8835114673899	1.03566399039653	0.342352341062685	3.02514066993602	0.00248517511850517	0.0390349083171792	ARFRP1
ARHGAP1	30.9906792545661	0.553492619649966	0.162275796297969	3.41081438068342	0.000647691682718121	0.0201615818304099	ARHGAP1
ARHGAP4	63.2402411082635	1.1407746945355	0.316111198164951	3.60877659873418	0.000307644388918869	0.0141532035369122	ARHGAP4
ARHGAP45	61.698458404545	0.924254217563093	0.271099741351578	3.40927738608377	0.000651352137730839	0.0201615818304099	ARHGAP45
ARHGDIA	66.7346847274643	0.873151573885383	0.279939478220087	3.11907266326657	0.00181421214453078	0.0334191151745578	ARHGDIA
ARL16	17.1318910537561	0.68742593505279	0.228363738993538	3.01022368123094	0.00261055359461715	0.0401007580135851	ARL16
ARL6IP1	60.9985116308919	-0.564452974372224	0.1552147070891	-3.63659465625382	0.000276266151441378	0.0133893055107658	ARL6IP1
ARL6IP4	99.0664506634108	1.07405787957717	0.30104239269211	3.56779611659431	0.000359996441233701	0.0153710351522807	ARL6IP4
ARMH1	8.01443689724105	1.27558256718125	0.345484048998032	3.6921605234183	0.000222357039715278	0.0113860142703254	ARMH1
ARPC4	432.681740529922	0.643045761902375	0.206878526339483	3.10832532153266	0.00188150832685048	0.0339452887346808	ARPC4
ARPP19	25.7464431046908	-0.635300210838751	0.212520737896286	-2.98935631942323	0.00279565898195309	0.0411752747859372	ARPP19
ARRB2	720.63815354925	0.812082337101414	0.248873405435119	3.26303381304083	0.00110226367713222	0.0257686053416933	ARRB2
ARRDC1	23.580398669943	0.879134660030436	0.293062344502325	2.99982128895943	0.00270138052843863	0.0406013461513089	ARRDC1
ARSA	13.5393173327421	1.07351816958143	0.260228337395477	4.12529311882731	3.70262883826112e-05	0.00429047327233226	ARSA
ASGR1	7.57135536217905	1.1916748953249	0.414041824117147	2.87815101255986	0.00400013601871692	0.0477016220231993	ASGR1
ASPSCR1	5.26520188534346	1.20486066342216	0.39640231627679	3.03948946297492	0.00236979492281213	0.0379623987064061	ASPSCR1
ATG101	26.1610773965469	0.748444540881065	0.262540508821563	2.85077736856886	0.00436124939324537	0.0497182430829973	ATG101
ATG4B	16.4828095977671	0.711187554635135	0.235428269785603	3.02082479424748	0.00252087181637746	0.0391462256492491	ATG4B
ATM	60.7585219182579	1.92832656869829	0.516234853396534	3.73536687035172	0.000187441721878089	0.0103584410084215	ATM
ATOX1	101.006088725204	1.06119122202651	0.336680765756553	3.15192113705074	0.00162200074587867	0.0312511577150499	ATOX1
ATP5F1D	20.0326078100668	1.67631111868058	0.517545768051489	3.23896208250671	0.00119965520812173	0.0267459826764756	ATP5F1D
ATP6V0D1	263.331914554549	0.795468859944822	0.259410223186803	3.06645146892303	0.00216615969646747	0.0367515250770473	ATP6V0D1
ATP6V1F	171.03886826685	0.627299203863832	0.219685953798952	2.85543610329275	0.00429777698771424	0.0494926973820256	ATP6V1F
AURKAIP1	66.6761800466828	0.946469490970872	0.330655668699413	2.8624021317816	0.00420443085591648	0.049230951998929	AURKAIP1
B3GNT8	12.7116611654609	1.63188288833299	0.410517709804719	3.97518267630711	7.03252550465273e-05	0.00618793967462793	B3GNT8
B3GNTL1	4.64157128603338	1.07090052086333	0.375513193802972	2.85183194235571	0.00434680752031476	0.0496785832996377	B3GNTL1
B9D2	13.9589470416086	0.988443571379689	0.329619671862283	2.9987396255666	0.00271098878435601	0.0406782969414214	B9D2
BAG1	24.4087945991463	0.669953403234917	0.220425848529683	3.03935952930992	0.00237081735273374	0.0379623987064061	BAG1
BATF3	5.96023189273294	1.95736223119642	0.388076231626716	5.04375705513233	4.56478816482468e-07	0.000127625840622766	BATF3
BCAP31	154.8823190254	0.764271782364326	0.209499727583048	3.64808007715122	0.000264207298374944	0.0130136453541963	BCAP31
BCAT2	6.75115749350703	0.966194961444857	0.332291952071771	2.90766885993125	0.00364133694454992	0.0452694605328613	BCAT2
BCKDHA	27.7457243773208	0.901522856341222	0.241696842951197	3.72997365349639	0.000191499793878741	0.0105185614055941	BCKDHA
BCKDK	25.6443736902761	0.901020454273834	0.247402904383809	3.64191542746011	0.000270616985031451	0.0132573066775137	BCKDK
BCL7C	29.4694731174872	1.27116045735129	0.445067236462659	2.85610881505079	0.00428868123511936	0.049450786302655	BCL7C
BIN3	38.9520726904576	0.7507000485256	0.23221053196858	3.23284237868753	0.00122565167870934	0.0270294480885233	BIN3
BORCS6	13.1570216589103	1.02201820730556	0.336355329334911	3.03850754892582	0.00237753148012292	0.0379687016925185	BORCS6
BORCS8	33.1567202123334	1.22119204257409	0.279558402634805	4.36828952757097	1.25223415861215e-05	0.00206345421445489	BORCS8
BPI	27.7698565220273	-1.88613254929323	0.644268274410824	-2.92755770260156	0.00341635660565655	0.0444862642486571	BPI
BRAT1	7.65644281980497	1.56875003674931	0.391520779156129	4.00681169497707	6.15438905216945e-05	0.00578290371567398	BRAT1
BRMS1	55.7852151623621	0.788112448384929	0.248989685571233	3.1652413495637	0.00154954360898581	0.0304631534235106	BRMS1
BSG	118.657867177435	0.837815377438876	0.288441903197291	2.9046243564196	0.00367694103691494	0.0455247494775411	BSG
BTN3A1	131.838229558598	-0.97656170781891	0.237212831593312	-4.11681653669212	3.84141617838952e-05	0.00429047327233226	BTN3A1
BUB1	2.72817187120681	-3.99259930606139	0.967218584974756	-4.12791830935051	3.66062105869355e-05	0.00429047327233226	BUB1
C12orf75	26.2969094544452	-0.942876758208167	0.275649168838425	-3.42056811628133	0.000624904842027178	0.0196802975291355	C12orf75
C15orf39	47.1944911332877	0.865306642323525	0.252212504824969	3.43086336232231	0.000601663575845587	0.0195443619637583	C15orf39
C16orf74	4.16413420035338	1.36553610631836	0.455874354336216	2.99542207919695	0.00274065314163678	0.0408528608925233	C16orf74
C19orf38	178.517979188583	0.948554061601819	0.302189369836022	3.13893920926648	0.00169560619871321	0.0318849167714782	C19orf38
C20orf27	28.6149222837944	1.26823796594329	0.410631272940455	3.08850798640266	0.0020116428664216	0.0356084361296463	C20orf27
C9orf16	38.1340717897326	1.48499129717269	0.47528852832269	3.12439961977049	0.00178168301242522	0.0330212538683226	C9orf16
CABIN1	7.31061036242645	0.947028456123029	0.324990839012753	2.91401585041561	0.00356811789531537	0.0452084726043922	CABIN1
CAPN2	77.5661584592905	-0.471515668527689	0.154261314865598	-3.05660345847889	0.00223860211395294	0.0372265155206523	CAPN2
CAPNS1	272.421295347269	0.748721162422888	0.226911461092253	3.29961809253209	0.000968164838067476	0.0241877735140486	CAPNS1
CAPS	3.91478809699211	1.64045791272943	0.50057583215967	3.27714165834151	0.00104863743934331	0.0250589593736074	CAPS
CAPZB	345.234038009938	0.468947044757316	0.1464916489672	3.20118619773551	0.0013686305981484	0.0288462770023697	CAPZB
CARS2	26.8642004259675	0.997511215116257	0.24323684698809	4.10098727831766	4.11391178957955e-05	0.00433539331964645	CARS2
CCDC12	69.4159959162902	0.971383419966412	0.317950301974517	3.05514230976974	0.0022495375446413	0.0372326566332986	CCDC12
CCDC124	11.2417830927124	1.17855794215987	0.396397178847237	2.97317439439714	0.00294736936096149	0.041902494581062	CCDC124
CCDC71	13.9576655055617	0.792296651693646	0.25253534490449	3.13736935316242	0.00170471228169956	0.0319210896881057	CCDC71
CCDC88B	33.2146482800361	1.3581007129581	0.338006442259197	4.01797286430611	5.87009550803439e-05	0.00572050275153932	CCDC88B
CCDC9	9.5694530153378	0.97072105306805	0.264328386463118	3.67240562414394	0.00024027789872779	0.0121655787495529	CCDC9
CCNA2	2.82534933772521	-3.54575911976094	0.895401458973481	-3.95996576086208	7.4960510107542e-05	0.00634922526266031	CCNA2
CCNB1	3.41774364651456	-2.85932819506113	0.835701830041759	-3.42146934740858	0.000622837453612126	0.0196802975291355	CCNB1
CCNB2	3.5836570301271	-3.87939052355878	0.900494023872769	-4.30806914950376	1.64685902908185e-05	0.00257335920354634	CCNB2
CCS	27.87871556224	0.992219602934033	0.339308662440671	2.92423893866112	0.00345299582785534	0.0445156489158648	CCS
CD24	39.9790292379355	-1.55148694878226	0.472777830110393	-3.2816406565003	0.00103205036543425	0.0247446361426736	CD24
CD300LF	89.8480288123883	0.789223732173769	0.226817417954929	3.47955522679742	0.000502246839833042	0.0184703886377795	CD300LF
CD37	262.199862476766	0.746736125656136	0.196372682249231	3.80264768552888	0.000143157873471655	0.00920170076080574	CD37
CD38	7.20098823805029	-2.5150956868734	0.621875939599822	-4.04436886317207	5.24642639071001e-05	0.00528315137544498	CD38
CD4	80.4682584628707	0.709412756940878	0.212199285263061	3.34314395103371	0.000828349176280198	0.0224826287402783	CD4
CD74	1492.89772633555	1.06744913561838	0.271622531746851	3.92989907263373	8.49815245642917e-05	0.00675603120286119	CD74
CD79B	69.0037743339871	1.1272068949812	0.329429985292371	3.4216888119058	0.000622334975176821	0.0196802975291355	CD79B
CDC20	3.97772346789789	-4.00924265593539	0.893125898596519	-4.48900055662434	7.15581104202422e-06	0.00129706230947731	CDC20
CDC34	37.1483682092507	0.822233648189782	0.273612442730767	3.00510327667684	0.00265490686140108	0.0402364897740435	CDC34
CDC42EP2	18.0323396421546	1.29897032332086	0.314266794814777	4.13333621226654	3.57535113497951e-05	0.00426360622846307	CDC42EP2
CDIPT	46.7654692289322	0.65527029576763	0.212944593962873	3.07718680983222	0.00208964298169519	0.036280525561501	CDIPT
CDK1	4.52198784846181	-4.21444119194982	0.903972211393858	-4.66213578120002	3.12944599832621e-06	0.000675289740067391	CDK1
CDK9	23.6158641090163	0.551410572458902	0.185537472381566	2.97196337419593	0.00295901980932138	0.041902494581062	CDK9
CDKN1C	6.16801530607187	2.6877975426828	0.681692378869111	3.9428305581789	8.05255490096473e-05	0.0066345731879494	CDKN1C
CDKN3	4.77483710825895	-1.80118471372132	0.580669184964107	-3.10191200146544	0.00192275105761553	0.0343705973080268	CDKN3
CEACAM6	8.92743967381789	-2.50260821730282	0.735527830068509	-3.40246570557327	0.000667807358295063	0.0204470881359059	CEACAM6
CEACAM8	16.5697980760304	-3.33555334727761	0.78447048946847	-4.25198065708968	2.11888165348272e-05	0.00295437298854059	CEACAM8
CEBPA	31.9300032159909	0.948074870654565	0.30953888602997	3.06286193251587	0.00219231183966002	0.0367515250770473	CEBPA
CEMP1	5.6391481330942	1.04116118443647	0.354789911204405	2.93458509263142	0.00333993960809494	0.0438981235580203	CEMP1
CENPB	19.8845091655718	0.991239972831127	0.305262941991139	3.24716772486553	0.00116559677560263	0.0261883986197164	CENPB
CEP63	37.4584967946248	-0.751194501334192	0.259531371082825	-2.89442658974148	0.0037985171827274	0.0463961741604561	CEP63
CFP	127.275418114187	1.25719967835944	0.375874915571209	3.34472886132584	0.000823630456850902	0.0224826287402783	CFP
CHCHD10	22.9442297558627	1.08996822836609	0.337281146050649	3.23163106247989	0.00123085863218038	0.0270301760176353	CHCHD10
CHKB	93.6952878726469	0.532615438258914	0.174675899656524	3.04916384748112	0.00229479287653892	0.0375409888809967	CHKB
CHMP1A	50.3362627691513	0.779940401485522	0.244598464366054	3.18865616555263	0.00142935780507632	0.0293083026864404	CHMP1A
CHMP2A	343.639694068773	0.956872628324958	0.257737638657199	3.71258398001246	0.000205153955267146	0.0108731596291587	CHMP2A
CHMP4B	126.056429731014	0.610565584482628	0.17771328878897	3.4356777067339	0.000591073673448417	0.0194090605161703	CHMP4B
CHMP6	14.7306847930171	1.04879746103126	0.295058176188239	3.55454464804309	0.000378634218038179	0.0158136493920738	CHMP6
CHPF2	20.6324177843792	0.67531142498044	0.225978387142994	2.98838943634516	0.00280451950672704	0.0411752747859372	CHPF2
CHSY1	28.5543874007471	-1.11254393723902	0.376806302991219	-2.95256190888332	0.00315148868971416	0.0427764515869459	CHSY1
CIC	8.36581750137474	0.781083676674245	0.264688497501122	2.95095436351908	0.00316793720318485	0.0427883977234937	CIC
CIRBP	197.988942486637	0.598449336812177	0.170567617398178	3.50857534355504	0.000450513608381612	0.0174279043857861	CIRBP
CKS2	28.3132649039003	-0.916292235083248	0.243149889546281	-3.76842546296466	0.000164280523725287	0.00973120514066844	CKS2
CLASRP	24.1473004410985	0.652670963989275	0.188727002190535	3.45828077812815	0.00054363449660908	0.0188443222243569	CLASRP
CLINT1	20.2231231454361	-0.812394221739858	0.277410545232628	-2.92849077189409	0.00340611943353229	0.0444537025466774	CLINT1
CLTB	57.1048571073527	0.931723570525734	0.271516551506989	3.43155349224354	0.000600134760583523	0.0195443619637583	CLTB
CMTM2	284.126387139189	1.1501197652872	0.395263147094966	2.9097571421473	0.00361709701044898	0.0452084726043922	CMTM2
CNPY3	368.889943987236	0.772499104198517	0.241887355929308	3.19363160273776	0.00140495283026831	0.0290883615601446	CNPY3
COASY	31.0869360980936	0.818001816488402	0.240662248740434	3.39896190935479	0.000676421361381423	0.0206411003306392	COASY
COQ4	11.5094323649061	0.979368519437334	0.342579914153316	2.85880309666677	0.00425242648426684	0.0492414861263234	COQ4
COQ8B	14.049995379626	0.847701750736775	0.297171593084289	2.85256656579667	0.00433677284568655	0.049626480177345	COQ8B
CORO1B	16.9049600840244	1.06699817860494	0.35283449887549	3.0240755425151	0.00249394156599849	0.0390372925952407	CORO1B
CORO7	26.9607197506264	1.32145667136178	0.366753838413254	3.60311613118764	0.000314424963543266	0.0142481672229631	CORO7
COTL1	820.276379004826	0.940568533725515	0.230845333200885	4.07445331765498	4.61225635040137e-05	0.0048046987705388	COTL1
COX4I1	857.402930352981	0.750710882303845	0.224611086578916	3.34226993750857	0.000830962074316454	0.0224826287402783	COX4I1
COX6B1	1017.03281902975	0.763804204433292	0.245230158376794	3.11464221810644	0.00184168149810378	0.0337195139743728	COX6B1
CPEB4	14.044876733389	-1.5801907188662	0.514285961908986	-3.07259158504088	0.00212208703770317	0.0367031962265341	CPEB4
CRIP1	282.546251491732	1.5721973957779	0.466287352554108	3.37173501954561	0.000746962774943221	0.0216285099977968	CRIP1
CRIP2	3.85154858271483	2.69844555486341	0.797699856717176	3.38278305071846	0.000717552920890106	0.0211830036548112	CRIP2
CRISP3	14.5240754447792	-2.16548057148137	0.701336982026382	-3.08764634829981	0.00201748405303774	0.0356088147457632	CRISP3
CRTC2	53.731727328655	0.589264245963181	0.197750083778278	2.97984321778532	0.00288395948668969	0.0417245382468401	CRTC2
CSF1R	47.0845733360873	0.904477338567133	0.310132331378275	2.91642388443507	0.0035406910317452	0.0450278526163149	CSF1R
CSGALNACT2	40.3328303218589	-1.05578828666789	0.344416498277329	-3.06544051155688	0.00217349610664001	0.0367515250770473	CSGALNACT2
CSK	157.951021683869	0.915278599227894	0.248148260914139	3.68843447000657	0.000225638120991831	0.0114885297221852	CSK
CSNK2B	146.559340540617	0.552850732919629	0.173673031890901	3.18328485948769	0.00145614280340406	0.0294116387730838	CSNK2B
CTDSP1	146.172177391961	0.817597658034984	0.237927801033106	3.43632671123296	0.000589659432583497	0.0194090605161703	CTDSP1
CTSG	16.5081828513302	-3.30226472948421	0.838881590500815	-3.93650875985102	8.26756037638569e-05	0.00668663907350866	CTSG
CYB561A3	26.9844117801235	0.739220775052678	0.186577484090844	3.96200419710213	7.43232335538323e-05	0.00634922526266031	CYB561A3
CYB5R3	22.0958258912931	0.732440842520105	0.209039987001526	3.50383126705207	0.000458615847806166	0.0174279043857861	CYB5R3
CYBA	517.635074351637	1.54008515563119	0.374981182792065	4.10709983942101	4.0065807526477e-05	0.00433539331964645	CYBA
CYBC1	117.209145463217	0.98336509132007	0.280452068558281	3.50635706263552	0.00045428535880158	0.0174279043857861	CYBC1
CYHR1	18.7356850735522	0.917473303891791	0.295725561124642	3.10244843361746	0.00191926982026989	0.0343705973080268	CYHR1
CYTH4	287.037973196966	0.979910690213569	0.248222831255443	3.94770571771118	7.89037097698196e-05	0.00662133631151736	CYTH4
DAB2	6.05316912042555	-1.36031240805303	0.466420397709153	-2.91649425011057	0.00353989247760905	0.0450278526163149	DAB2
DAD1	260.193743552225	-0.315149526102011	0.096182181974637	-3.27658948499541	0.00105069012048668	0.0250589593736074	DAD1
DBNL	115.834522991807	0.843931720650826	0.240996000635586	3.50184948474289	0.000462040558561111	0.017447806592664	DBNL
DDT	34.5043332249049	0.716020603278115	0.234637182560778	3.05160757329093	0.00227619470358466	0.0373716532583113	DDT
DEFA1	694.386674376569	-2.76761122727179	0.839401245177243	-3.29712547267832	0.000976798533172437	0.0241877735140486	DEFA1
DEFA1B	3273.96716342168	-2.48539765351665	0.764027052494578	-3.25302310356908	0.00114184212889146	0.0260165605004371	DEFA1B
DEFA4	103.949352156127	-3.43972978424461	0.730904544786565	-4.7061272347801	2.52466981415894e-06	0.000558075183554207	DEFA4
DGAT1	15.2161467893876	0.852966503197563	0.284750106242635	2.9954914308996	0.00274002999987482	0.0408528608925233	DGAT1
DGCR6L	24.3094966256356	1.18149430575098	0.413127343133601	2.85987922462179	0.0042380237551866	0.0492414861263234	DGCR6L
DHRS4	26.7614538092223	0.731555013120604	0.243642671698797	3.00257343272359	0.00267707378517051	0.0404273802455218	DHRS4
DHRS4L2	20.3055335814069	0.910369330734976	0.301925251964071	3.01521427841123	0.00256797762247104	0.0395809203953317	DHRS4L2
DNAJB2	28.9926724927902	0.786668968385063	0.246938677084975	3.18568552189319	0.00144411479627208	0.0293453192794033	DNAJB2
DNAJC4	26.6421738382366	0.851345416007987	0.273392506590877	3.11400420817677	0.00184566857399909	0.033724383641439	DNAJC4
DOK1	46.4379331913274	0.752508633806388	0.26085421595994	2.88478616700583	0.00391679601666927	0.0471348824434376	DOK1
DPM2	41.0301595709575	0.811633400984188	0.24954433507299	3.25246173489289	0.00114409999465955	0.0260165605004371	DPM2
DPM3	20.2407779898807	1.31294540088737	0.445513414144535	2.94703898738594	0.00320832749871094	0.0431557518290222	DPM3
DPP7	29.7590329015139	1.40648351616993	0.448079465779487	3.13891535672848	0.00169574422198527	0.0318849167714782	DPP7
DTX2	11.7865381213376	1.03797076134484	0.303067242111928	3.42488602236166	0.000615057392052376	0.0196802975291355	DTX2
DUS2	16.8134326357663	0.815279129804993	0.190050836027068	4.28979501931196	1.78838103246221e-05	0.00270134954953416	DUS2
E2F1	5.17529107996195	-1.91812745470262	0.57801470030096	-3.31847521127731	0.000905103557513613	0.0234072326214597	E2F1
ECHS1	28.7594039554004	0.697464426773052	0.224456284266323	3.1073508547682	0.00188772211434173	0.0339452887346808	ECHS1
ECI1	4.74526590975972	1.18131091347333	0.40459001439251	2.91977278590789	0.00350286676534742	0.0447764195970997	ECI1
EDEM3	12.3832017465576	-1.20404481251862	0.369243907999637	-3.2608386663479	0.00111083224596009	0.0258665186972899	EDEM3
EDF1	295.839412275431	0.932411030782428	0.304712201953906	3.05997273756524	0.00221357139990705	0.0369458519288353	EDF1
EEF1D	475.698977502082	1.32817763799695	0.341692356348909	3.88705691923855	0.000101466967984491	0.00762322500573088	EEF1D
EEF1G	1526.07380533815	0.86704158588919	0.247292720201746	3.50613469406556	0.000454665073470775	0.0174279043857861	EEF1G
EFHD2	228.725903887696	0.76528087958899	0.243415448759331	3.14392896379242	0.00166695899656967	0.031605961058391	EFHD2
EGLN2	99.3847326046558	1.14427317069889	0.305487571013125	3.7457274183169	0.000179871815578341	0.010229353552338	EGLN2
EHD1	68.0922357234939	0.773621188119787	0.234550446833067	3.29831470613392	0.000972670526853952	0.0241877735140486	EHD1
EIF2AK1	38.3625718794806	-0.586297775890077	0.178442091504333	-3.28564729850098	0.00101748327261636	0.0245948738222587	EIF2AK1
EIF3D	153.805575519656	0.542314844020354	0.127504089634199	4.2533133296055	2.10630529817572e-05	0.00295437298854059	EIF3D
EIF3F	30.0255558073009	0.644617453334025	0.185290902234333	3.47894821365159	0.000503385853859819	0.0184703886377795	EIF3F
EIF3G	143.666554048805	0.93103685443328	0.274160809732517	3.39595165093669	0.000683904389574592	0.0206929922127616	EIF3G
EIF3K	387.658188947326	0.761996966847717	0.218190673541686	3.49234435404103	0.000478800548497439	0.017784300700952	EIF3K
EIF3M	31.3981891504813	0.472360360040364	0.159125023647101	2.96848571779596	0.00299271009577227	0.0421163534130188	EIF3M
EIF4EBP1	35.161688821272	1.12368017600986	0.317513544756743	3.5389991846513	0.000401647093434588	0.0164568950435623	EIF4EBP1
EIF4EBP3	30.7930597175107	1.02001997364994	0.283976372754758	3.59191845347934	0.000328252574563714	0.0145119662598582	EIF4EBP3
ELF1	64.3596212009831	-0.982977409146611	0.326853401159548	-3.00739538171973	0.00263496803713549	0.0402364897740435	ELF1
ELL2	7.98295653991651	-1.90558244880472	0.53424301897028	-3.56688319948029	0.000361252398481275	0.0153710351522807	ELL2
ELOB	164.113167862428	1.23061061871708	0.405943970432688	3.03147899303787	0.00243358853525537	0.0384914710209762	ELOB
ENG	4.81672583872236	1.1144565338655	0.363533194098668	3.06562523576051	0.00217215388432928	0.0367515250770473	ENG
EPHB4	4.91453472491604	1.44765238055414	0.440605501385026	3.28559760602965	0.00101766276987168	0.0245948738222587	EPHB4
EPN1	18.7372658147496	1.33719304970213	0.3321100152915	4.02635568978083	5.66479786508407e-05	0.00564176517046779	EPN1
ERCC1	15.6196959814206	0.699159030589936	0.210297869335135	3.32461300155039	0.000885413440489594	0.0231253660263896	ERCC1
ERF	9.18278531751972	0.868932075180433	0.294357425111845	2.95196248183742	0.0031576129440215	0.0427764515869459	ERF
ERGIC3	124.560352987214	0.470600040193051	0.154465805000312	3.04662925358853	0.00231422957355328	0.0376550495962539	ERGIC3
ERLEC1	25.525164884389	-0.764727456585322	0.252071006159964	-3.03377793517445	0.00241512131823376	0.0382661617257913	ERLEC1
ERP29	175.24943297091	0.711447824589547	0.198546153813244	3.58328686265435	0.000339297633644411	0.014855335525214	ERP29
EXOSC4	11.9885057483651	1.66409678244592	0.433632501998535	3.83757392440926	0.000124255834774014	0.0085964170271518	EXOSC4
F2R	6.1682019666497	-1.81479874076769	0.4838770277986	-3.75053709208746	0.000176456198883723	0.0101861307674088	F2R
FAAH	3.84020167386907	1.50848393814911	0.403426985027043	3.73917460689446	0.000184625460078735	0.0103584410084215	FAAH
FAAP20	7.65659846128547	1.42276722900087	0.435939130456119	3.2636832291523	0.00109974047680362	0.0257686053416933	FAAP20
FAM110A	20.3981031023946	1.05184014003426	0.33295502240811	3.15910579280886	0.00158254032426799	0.0309023061082409	FAM110A
FAM174C	12.5014760851952	1.50148876145329	0.515757534408176	2.91122991189305	0.00360009004274777	0.0452084726043922	FAM174C
FAM214B	56.5072691741913	0.776561238794636	0.254232540602002	3.05453124511835	0.00225412533119097	0.0372326566332986	FAM214B
FAM234A	6.02261363517981	1.01749280000807	0.350123207820711	2.90609927385649	0.0036596532036326	0.0453726908133	FAM234A
FAM3A	9.73291975076542	0.966579683937482	0.321603519776369	3.00550094914883	0.00265143768562534	0.0402364897740435	FAM3A
FAM50A	61.9296637991441	0.741971147239206	0.230745272116316	3.21554214495536	0.00130198375378369	0.0279617980107621	FAM50A
FAU	1541.38069588735	0.980750758073223	0.329891192752508	2.97295223279575	0.00294950349504175	0.041902494581062	FAU
FBL	149.598712228739	0.850469506822082	0.259887140611383	3.27245705509459	0.0010661706815037	0.0252289944816398	FBL
FBP1	36.1378701512129	1.3576945916999	0.330660539508858	4.10600730802814	4.0255674986483e-05	0.00433539331964645	FBP1
FBXO5	4.00460692617915	-1.65537098219078	0.579905335775976	-2.85455380398547	0.0043097330940194	0.0495045767187551	FBXO5
FCER2	11.521784489049	2.14689526719747	0.447964733425464	4.79255420573121	1.64671259796778e-06	0.000373103906884551	FCER2
FCGRT	226.054235396897	0.960012297253267	0.299434377563769	3.20608577099274	0.00134553875273853	0.0286258631832613	FCGRT
FCHO1	12.6097171299219	0.96758241216496	0.292926364783333	3.30315918432486	0.000956021014125373	0.0241877735140486	FCHO1
FEN1	10.7699851947422	-1.02624151838647	0.334401080257625	-3.06889414829594	0.00214852702829922	0.0367515250770473	FEN1
FERMT3	111.32887951139	0.885935098181622	0.275076539687617	3.22068577417656	0.00127884278894798	0.027657323782342	FERMT3
FGD3	115.661280310813	0.906971193140445	0.243923797974632	3.71825627786744	0.000200602704787654	0.0107577651685829	FGD3
FHL2	2.7005489205372	-3.42797664833707	0.883388355780046	-3.88048656732645	0.000104247702693177	0.00762322500573088	FHL2
FIS1	110.38432689029	0.811094187223494	0.242799482391993	3.34059273616574	0.000835997559911043	0.0224826287402783	FIS1
FKBP11	75.3333373366401	-0.952563186252984	0.321914883269668	-2.95905295392951	0.00308586070082871	0.0424692614303145	FKBP11
FKBP8	268.174891878151	1.25230415062674	0.361652027839098	3.46273227917278	0.000534720152978551	0.0187886793415839	FKBP8
FLOT2	362.415823085969	0.950971184419737	0.305853799859423	3.10923449326712	0.00187572784703333	0.0339452887346808	FLOT2
FOLR2	4.90571871354776	1.27428837056573	0.367673515740585	3.46581495814024	0.000528626964871706	0.0187886793415839	FOLR2
FOLR3	161.326476587567	2.08596259653151	0.641411676799465	3.2521431585719	0.00114538316668591	0.0260165605004371	FOLR3
FOXH1	4.22775953464216	1.60422440700002	0.536174771975111	2.99198039678467	0.00277174060809195	0.0410462175345382	FOXH1
FRG1	76.5171862789976	0.483566478498296	0.14362758762415	3.36680777347394	0.00076043674597029	0.0218788515197738	FRG1
FTH1	6703.20072206458	0.985177302943705	0.26547672707392	3.71097426807356	0.000206463092626586	0.0108789244678764	FTH1
FUOM	11.6600199033154	1.85575878576368	0.470439625671455	3.94473314852033	7.98888926506228e-05	0.0066345731879494	FUOM
FUT7	22.1883844821599	1.57999835453199	0.446756475329067	3.53659866567847	0.000405315073158642	0.0164568950435623	FUT7
FXYD5	417.806086603321	1.13536717596331	0.286163178799081	3.9675515932134	7.26147954396895e-05	0.00632796049105679	FXYD5
G6PC3	16.664567747031	1.02116074230335	0.295413382083574	3.45671795604186	0.000546796820990795	0.0188443222243569	G6PC3
GAA	20.2286116162626	1.12030932717676	0.328963905160497	3.40556915090785	0.000660262896614624	0.0203536143946202	GAA
GABARAP	1193.77651220666	0.851599370680577	0.265839072923136	3.20343943919337	0.00135796597497891	0.0287552468019483	GABARAP
GALK1	11.5903729717154	1.26627839322036	0.397420956788474	3.18623960712352	0.00144135170921543	0.0293453192794033	GALK1
GBGT1	8.78601342712274	1.02188986957132	0.30137181618239	3.39079440976283	0.000696903580225161	0.0207764379854626	GBGT1
GET4	12.3565339865173	0.793453002448566	0.273471400769972	2.90141126353454	0.00371485975639087	0.0458689018694421	GET4
GFUS	31.6798617171503	0.677176023673696	0.205147928607939	3.3009157258802	0.000963698245234413	0.0241877735140486	GFUS
GGH	8.34620438928986	-2.34458460334767	0.584683087317951	-4.01000927545674	6.07163626909164e-05	0.00578290371567398	GGH
GGT1	8.04680979128578	1.11094391899212	0.319283087217382	3.47949504207763	0.000502359664483038	0.0184703886377795	GGT1
GMNN	8.40077440168881	-1.03798877894281	0.356471742066974	-2.91184028479821	0.00359306303806013	0.0452084726043922	GMNN
GNB2	200.36147287727	1.11103437978391	0.315083661930467	3.52615674509043	0.000421637341285512	0.0167372235653693	GNB2
GPAA1	15.8772513980541	1.25957584130884	0.38155228486635	3.30118804490987	0.000962763320092408	0.0241877735140486	GPAA1
GPANK1	18.9550608974342	0.613549256100787	0.210929092244221	2.90879389643605	0.00362825968343843	0.0452084726043922	GPANK1
GPR132	11.3983379745985	0.825752197504337	0.269191922600717	3.06752219578723	0.00215841430557285	0.0367515250770473	GPR132
GPR137	7.24149077077036	1.21995517321526	0.34757662829831	3.50988839263447	0.000448294817141053	0.0174279043857861	GPR137
GPR162	10.4680141533125	1.25470687590887	0.313248144804386	4.00547264754719	6.18935959859182e-05	0.00578290371567398	GPR162
GPSM3	741.79547917411	0.955112587910106	0.239431028768279	3.98909277892492	6.63264777162949e-05	0.0060111686754278	GPSM3
GPX1	358.581265521291	1.06381698533633	0.365272839173658	2.91239005819035	0.00358674437569566	0.0452084726043922	GPX1
GRINA	108.240051839284	1.18455400599957	0.371330151370033	3.19002914691717	0.00142258445428704	0.0292355621523888	GRINA
GRK6	96.1709440936816	0.683996043021005	0.210672377348666	3.24672864866846	0.00116739634142838	0.0261883986197164	GRK6
GSDMD	55.2769896430732	1.52166328799781	0.382137224119354	3.98198131968045	6.83431524148426e-05	0.00613261376570018	GSDMD
GSTK1	390.923491485682	0.7479098815868	0.205792635083455	3.63428886210384	0.000278748421260302	0.0134377496908623	GSTK1
GSTP1	250.661233291932	1.08752259580101	0.330738749775269	3.28816202074887	0.00100843785989071	0.0245948738222587	GSTP1
GSTZ1	7.20210857360645	0.871365107353965	0.294404126036373	2.95975847582486	0.00307880309750241	0.0424692614303145	GSTZ1
GUK1	109.119882634378	1.1048983973182	0.35014410719134	3.15555331255201	0.00160193987123833	0.0310507669181604	GUK1
H2BC11	17.1475298398732	-1.24716674406084	0.373299531132698	-3.34092770027484	0.000834989636015762	0.0224826287402783	H2BC11
H2BC17	12.2824274835417	-5.14935301016991	0.984130609362999	-5.23238781639253	1.67334210321956e-07	0.000116657688319068	H2BC17
H2BC5	54.6082492712989	-1.59575068522965	0.439816587450941	-3.62821851371772	0.00028538367534445	0.0136128013139303	H2BC5
H2BC7	4.62235648788653	-2.90140308387876	0.881352708269345	-3.29198861778738	0.00099481637900175	0.0245668142858116	H2BC7
H2BC8	11.0026463790144	-1.79035341361623	0.460846106248315	-3.88492685376308	0.000102360701919485	0.00762322500573088	H2BC8
H2BC9	11.2622928445047	-2.24058273644563	0.507794139672205	-4.4123839985471	1.02238574856071e-05	0.00174827963003881	H2BC9
H4C8	46.3746576678306	-2.5098681136912	0.49835277596521	-5.03632814893042	4.7454675900593e-07	0.000127625840622766	H4C8
HAAO	4.76907649384941	1.21406798748373	0.368200530052028	3.2973010313488	0.000976188123933234	0.0241877735140486	HAAO
HAUS7	7.43801168537259	0.938869624624058	0.326722230764986	2.87360190466927	0.00405820134190772	0.0479865738350408	HAUS7
HCLS1	761.805357827451	0.547495516182509	0.18417194405315	2.97274114685193	0.00295153254018287	0.041902494581062	HCLS1
HDGFL2	9.8613220642109	0.886488299220713	0.273783471847922	3.2379175164859	0.00120405615491582	0.0267459826764756	HDGFL2
HEBP1	28.277760540865	0.729236571026035	0.218200659211425	3.34204568245344	0.000831633725126342	0.0224826287402783	HEBP1
HEXD	11.7645560692583	1.05262060826934	0.342713300573977	3.07143202935634	0.00213034661183585	0.0367515250770473	HEXD
HIGD2A	138.153767180899	0.740194506689654	0.250662913413626	2.95294783184874	0.00314755150546155	0.0427764515869459	HIGD2A
HLA-DMA	157.733650593972	0.751047916434284	0.233372088740624	3.2182422520502	0.00128978833349954	0.0277656809180672	HLA-DMA
HLA-DMB	120.704353075555	0.644704152096772	0.214805863635873	3.0013340473314	0.00268799510597462	0.0404672751585514	HLA-DMB
HLA-DPA1	284.084607049463	0.959118561144923	0.25410824488772	3.77444880455853	0.000160361835047519	0.00962489609957397	HLA-DPA1
HLA-DPB1	89.4536892671854	1.01582123086921	0.292528896218425	3.47255004206735	0.00051553889072598	0.0187886793415839	HLA-DPB1
HLA-DRA	1190.96456166807	0.611350970293683	0.202212564128682	3.02330853143545	0.00250027190206882	0.0390689038766375	HLA-DRA
HM13	72.4510491589996	0.525895433708989	0.156082424662585	3.36934433742848	0.000753472363557597	0.0217475160220462	HM13
HMG20B	19.1616478161845	0.861268351090735	0.288333724113477	2.98705381668006	0.00281680132045471	0.0411752747859372	HMG20B
HMGN4	93.5755055607361	-0.489778402512848	0.150260145849186	-3.25953631779669	0.00111594492007507	0.0258665186972899	HMGN4
HSP90B1	279.462951921009	-1.25371383254851	0.327294350074462	-3.83053918365312	0.000127862769065424	0.00877894148515102	HSP90B1
HVCN1	51.0521382393893	0.616750219290143	0.213730679582181	2.88564197005231	0.00390616241427828	0.0470765292029309	HVCN1
ICAM3	554.188955703019	1.06463167671412	0.28835025055107	3.69214756942119	0.000222368368735253	0.0113860142703254	ICAM3
IDH3G	39.9899012130474	0.787855157910766	0.25543903180304	3.08431782077162	0.00204019518434739	0.0357075683809263	IDH3G
IFI27	758.075163502062	-6.05295598578858	0.921116024609542	-6.57132850159068	4.98683014889374e-11	9.0391283278848e-08	IFI27
IFI27L1	13.6640146741594	-1.13035523834144	0.371527767048554	-3.04245157050056	0.00234659573855867	0.0379623987064061	IFI27L1
IGFLR1	53.6468623293041	1.13642906501355	0.369224054352419	3.07788469255268	0.002084755648794	0.036280525561501	IGFLR1
IGHA1	756.422846465173	-2.56064940220221	0.637019790939376	-4.01973288526275	5.82641628387064e-05	0.00572050275153932	IGHA1
IGHG1	2002.94457889388	-5.56354693473116	0.761576550200275	-7.3053023143479	2.76644032881595e-13	1.25361243500295e-09	IGHG1
IGHG2	345.724654853798	-2.62190998755512	0.704674424397341	-3.72073953130548	0.000198640233650156	0.0107577651685829	IGHG2
IGHG3	197.548626585728	-4.24289103643647	0.644859405874406	-6.57955981999404	4.71843048683783e-11	9.0391283278848e-08	IGHG3
IGHG4	40.1013980006522	-2.53898207765413	0.738954199191052	-3.43591264578184	0.000590561355300561	0.0194090605161703	IGHG4
IGKC	8704.91302067155	-2.75763705338659	0.511617229913566	-5.39003945166677	7.04422177952357e-08	5.80379836252928e-05	IGKC
IGLC1	938.723360407616	-2.82549543797783	0.609661489729275	-4.6345315975797	3.57746590080608e-06	0.000732990504125485	IGLC1
IGLC2	3873.05332918393	-4.12003172541366	0.577600923883541	-7.13300750579194	9.81991996737444e-13	2.96659782214382e-09	IGLC2
IGLC3	1551.39939415703	-3.34127877131575	0.627881647440472	-5.32151048678729	1.02909177580149e-07	7.77221563674074e-05	IGLC3
IGLL5	77.6249649759263	-2.76554172581566	0.595642089526136	-4.64295887487701	3.43454733783675e-06	0.000723890756344523	IGLL5
IKBKG	38.3228901109036	0.76013373605852	0.240097720558398	3.16593482974627	0.00154585423233367	0.0304566889296522	IKBKG
IL3RA	7.50295549161381	1.2253656448499	0.410364152003412	2.98604456278069	0.00282611456540792	0.0411794943222058	IL3RA
IMPDH1	108.478440809416	0.937106252924591	0.262171941257011	3.57439567495871	0.000351037742028697	0.0152222729952444	IMPDH1
INAFM1	9.70704691051233	1.60103158270662	0.469636581520582	3.40908618643554	0.000651808835519156	0.0201615818304099	INAFM1
INPP5K	33.6798794819565	0.549575746229591	0.184118856081092	2.98489659303304	0.00283674203394152	0.0412009504064294	INPP5K
INTS11	24.9138872997956	0.860640597049113	0.284898745365462	3.0208648196927	0.00252053862146703	0.0391462256492491	INTS11
IRF3	53.5269773383005	0.919918502595835	0.310933986688863	2.95856529674369	0.00309074753983759	0.0424692614303145	IRF3
IRF8	31.0359713222389	0.58232103420602	0.16793346895852	3.46756985261737	0.000525187224650264	0.0187886793415839	IRF8
ITFG1	13.0198340285527	-0.777519810179977	0.264968860920253	-2.9343818269045	0.00334212791073972	0.0438981235580203	ITFG1
ITGB1	112.814672767647	-0.750466976535765	0.235104891506323	-3.19205173370705	0.00141266028397903	0.029163872787476	ITGB1
ITM2C	51.6439870174561	-1.60158924613211	0.428758463244792	-3.73541138759449	0.000187408564192015	0.0103584410084215	ITM2C
JAML	976.31929180517	0.803654955121435	0.274267257252539	2.93018920002342	0.00338755678061699	0.0443022036114456	JAML
JCHAIN	1106.1542917749	-4.52946599285325	0.614248680302517	-7.3739938531451	1.65590826863711e-13	1.25361243500295e-09	JCHAIN
JOSD2	5.28902036923037	1.94357632947878	0.569343644760742	3.41371392719336	0.000640838256701872	0.0200273004154795	JOSD2
JPT1	135.634156513021	0.765241982068774	0.257161548487093	2.97572474022952	0.00292297090355333	0.0418838406308301	JPT1
JUN	5.49652013362226	-1.55652407560197	0.519388815630195	-2.99683787706013	0.00272795747909829	0.0408528608925233	JUN
JUNB	122.157936593236	1.57899401149836	0.413461484096233	3.8189627625166	0.000134013988792566	0.00904055097804719	JUNB
KCNN4	10.5874157903628	1.45151006780214	0.319086451334667	4.5489555000872	5.39128410714043e-06	0.00103960016729816	KCNN4
KLF10	24.0153728873693	-1.26299883620561	0.442591888769491	-2.85364207581174	0.00432211966945656	0.0495840133725124	KLF10
KLF16	9.36255152142686	0.76350516108645	0.266931859232105	2.86029986560188	0.0042324059992297	0.0492414861263234	KLF16
KLF2	104.014237263782	0.993270270867328	0.299758582686954	3.31356741136125	0.000921138993923959	0.0237167122214001	KLF2
KLRD1	17.744575826873	-1.26491004853995	0.373449815141095	-3.38709512565174	0.000706368912625654	0.0209895785413977	KLRD1
KMT2E	19.6696119542224	-0.986022456724661	0.342264539105279	-2.88087822157167	0.00396568830199172	0.047545955885506	KMT2E
KPNA2	22.4969450676115	-0.595004190419594	0.199142985260548	-2.98782399812437	0.00280971306424552	0.0411752747859372	KPNA2
LAMTOR2	118.154386864694	0.86786267131166	0.27882800821728	3.11253764232813	0.00185486357795839	0.0337530605945203	LAMTOR2
LCN2	194.061158321456	-1.74637298957458	0.604166163807999	-2.8905508023941	0.00384567368648681	0.046657751834846	LCN2
LENG1	8.89674475749258	0.931109352033978	0.313916353315339	2.96610655099784	0.0030159598121717	0.0422467446332491	LENG1
LHPP	9.55906634082921	0.960091282665829	0.263845508388907	3.63883883613686	0.000273870116946867	0.0133445423112337	LHPP
LILRA3	71.6961441713506	1.76373983851103	0.512603581563079	3.44074817646196	0.000580108163755322	0.0194090605161703	LILRA3
LILRA5	444.489560508858	1.37669967476349	0.432415124049566	3.18374542932426	0.00145382808303636	0.0294116387730838	LILRA5
LIMD2	180.371501959341	1.0206999818842	0.305171165565851	3.34468028783652	0.000823774702461622	0.0224826287402783	LIMD2
LIMS1	31.6390694212355	-0.678870434205327	0.220331298181904	-3.08113481746409	0.00206213256199864	0.0360098408658837	LIMS1
LMAN1	11.4915886942298	-1.66207754319285	0.486018727589701	-3.41978086201646	0.000626715994617586	0.0196802975291355	LMAN1
LMF2	17.4340009001415	1.21458277160291	0.385393183304709	3.15154191671991	0.00162410849429422	0.0312511577150499	LMF2
LPAR2	97.7663180012882	1.16690296170452	0.296139985836871	3.94037623256761	8.13539159442487e-05	0.00664243729912366	LPAR2
LRCH4	66.9317039020273	0.808845126343549	0.278994768011816	2.89914084091101	0.00374186769703281	0.0460143106352895	LRCH4
LRRC61	3.14907130441278	1.33298145850162	0.447521457094135	2.97858669650612	0.00289581094088739	0.0417245382468401	LRRC61
LSM4	23.2255461009236	0.629132438887345	0.218480922448322	2.87957608306124	0.0039821020313113	0.0475801921898085	LSM4
LSM7	90.1333758422799	0.841950686053534	0.286477437574252	2.93897730021168	0.00329297190845898	0.0436346280536519	LSM7
LSP1	544.729361347209	0.910902105173668	0.228111467983774	3.9932324017943	6.5178628592298e-05	0.0060111686754278	LSP1
LST1	1299.09848045735	0.983292431973481	0.318266926973249	3.08952124345653	0.00200479368876962	0.0356084361296463	LST1
LTB	301.552857394531	1.48146217685409	0.387331625254769	3.8247901288196	0.0001308835332178	0.00891877790641293	LTB
LTF	131.652167068721	-2.41812169922715	0.621330134660496	-3.89184680467566	9.9484056854271e-05	0.00762322500573088	LTF
LYL1	17.6352364051694	1.28705131000288	0.407455704651178	3.15875147975832	0.001584465417648	0.0309023061082409	LYL1
LYPLA2	46.9624651843498	0.96691879383497	0.294640481223254	3.28169024779158	0.00103186889094356	0.0247446361426736	LYPLA2
MAF1	62.268571974835	0.54903111130495	0.192330032905301	2.85463015323915	0.00430869728868651	0.0495045767187551	MAF1
MAN1B1	21.9782499863248	0.769464711430406	0.251195425190268	3.06321148503232	0.00218975245832716	0.0367515250770473	MAN1B1
MANF	74.95944943008	-0.742108851108713	0.236532645967136	-3.13744789043548	0.00170425565289055	0.0319210896881057	MANF
MAP1S	3.23640358969851	1.48073070979345	0.440562172925852	3.3610028295431	0.000776600299537821	0.0219262570551753	MAP1S
MAP2K2	48.3835679404219	0.728279834192093	0.241166940102456	3.01981620649453	0.00252928119340537	0.0391462256492491	MAP2K2
MAP3K11	32.5559416855676	1.025357694371	0.287014190630846	3.57249825215018	0.000353591843890476	0.0152600137199018	MAP3K11
MAP7D1	54.7316012228689	0.641866555207789	0.209478998348301	3.06410933921193	0.00218319102522207	0.0367515250770473	MAP7D1
MARCO	23.4597243920186	1.75552697716835	0.495898499263664	3.54009334526127	0.000399985531434925	0.0164568950435623	MARCO
MBOAT7	169.697483128997	1.04688696505113	0.303323764704195	3.45138458264907	0.00055771823816953	0.0191462136080699	MBOAT7
MCM4	4.24138228515859	-2.14934959819373	0.653996118544482	-3.28648678065135	0.00101445535279893	0.0245948738222587	MCM4
MCM6	8.40459966772414	-1.32625350545907	0.390530781068956	-3.3960280975263	0.000683713406914702	0.0206929922127616	MCM6
MCRIP1	24.1535049865668	1.38775591150597	0.475124920487399	2.92082324387944	0.00349107831512979	0.0447764195970997	MCRIP1
MCRS1	41.1623455280742	0.659753733177743	0.230744023028302	2.85924516925329	0.0042465044897674	0.0492414861263234	MCRS1
MDH2	44.3318511745792	0.607359073277278	0.204677212715296	2.96739957135389	0.0030033037863695	0.0421999104121965	MDH2
MED11	45.9071334127775	0.683021572209183	0.179839975865266	3.79794074661628	0.000145903189110818	0.0093121169219109	MED11
MED13L	17.6881963542409	-1.41146192319779	0.472765012312251	-2.98554649019913	0.00283072105955359	0.0411794943222058	MED13L
MED16	6.24032023484424	1.37391047971298	0.386725357422337	3.55267750961713	0.000381331640763509	0.0158532507350444	MED16
MED25	21.1502987654983	0.956382004377384	0.2873900887753	3.3278183268357	0.000875289261822297	0.0231253660263896	MED25
METRNL	12.5105934897069	1.31046012224066	0.317885320095148	4.12243044708205	3.74895824715175e-05	0.00429047327233226	METRNL
METTL26	23.3144112025734	1.19993287377504	0.416734495425466	2.87937016720914	0.0039847032850121	0.0475801921898085	METTL26
MFSD12	7.99277372107088	1.210913351766	0.335507780872017	3.60919603300621	0.000307147443731838	0.0141532035369122	MFSD12
MFSD14C	3.46851126661807	1.20768747284427	0.383593581354787	3.14835161886423	0.0016419405848481	0.0313420499474772	MFSD14C
MICAL1	64.9624798975522	0.770904755753661	0.254493437299395	3.0291734196931	0.00245223873144065	0.0387188843607083	MICAL1
MICOS13	46.6740317804312	1.13928124934247	0.396424031358493	2.8738955240385	0.00405443057990843	0.0479865738350408	MICOS13
MIIP	28.689108390475	1.32452182516657	0.378082020676696	3.50326583315421	0.000459590549288632	0.0174279043857861	MIIP
MLF2	130.405327869795	0.640735359654278	0.201293397620977	3.18309178158314	0.00145711417953378	0.0294116387730838	MLF2
MMD	29.8998076139566	-1.16865924250247	0.314496854819125	-3.71596480090268	0.000202429764430209	0.0107918879707705	MMD
MME	83.3067873155455	-1.08485562133138	0.370962500040653	-2.92443473723758	0.00345082431922311	0.0445156489158648	MME
MMP24OS	26.0665369872115	1.17527632045962	0.304300767792642	3.8622193725797	0.00011236159991535	0.00798874633593405	MMP24OS
MMP8	32.7584671665767	-3.43365465427067	0.788816744786028	-4.35291805982399	1.34337370294726e-05	0.00217410640532339	MMP8
MOB3A	175.03330727707	0.834400281397076	0.224350114746666	3.71918811960169	0.000199864161303442	0.0107577651685829	MOB3A
MPG	14.4676458148189	1.19468669495817	0.4059608034475	2.94286217982784	0.00325193153608497	0.0433436870400944	MPG
MPND	9.98535048858124	1.2895964459953	0.37559160409602	3.43350711765541	0.000595826559970296	0.019494498602927	MPND
MPO	8.20258557954883	-2.83946185028649	0.825433127992033	-3.43996594514426	0.000581787386560171	0.0194090605161703	MPO
MPST	10.6464483609419	1.07749735408389	0.376922793399713	2.85866859991467	0.00425422968519378	0.0492414861263234	MPST
MRPL20	102.654031988086	0.680815849834398	0.222462752169663	3.06035883847723	0.00221071945798175	0.0369458519288353	MRPL20
MRPL24	50.6773040418283	0.661903883015923	0.23055190874789	2.87095381951367	0.00409235305614806	0.0481050528506743	MRPL24
MRPL28	34.9219958190078	1.15793056038403	0.321881351373264	3.59738318310109	0.000321434779239066	0.014493350269869	MRPL28
MRPL41	13.0780863465971	1.37932978570461	0.473594142006556	2.91247222750807	0.00358580085498435	0.0452084726043922	MRPL41
MRPL52	17.8274449205378	0.836936533508565	0.279666231718631	2.9926263473618	0.00276588153131118	0.0410264882459463	MRPL52
MRPS34	32.6670217213067	0.903549833111855	0.305647558936632	2.95618206883564	0.00311473166217993	0.0425951464677276	MRPS34
MSRB1	664.269286178609	0.903764648625639	0.313855333907881	2.8795580351389	0.00398232996192913	0.0475801921898085	MSRB1
MTARC1	11.3325472216097	-1.23050112042692	0.411898680121253	-2.98738786942626	0.00281372491023284	0.0411752747859372	MTARC1
MTIF3	60.5313282072941	0.364934501450811	0.118323202486038	3.08421758187178	0.00204088275640735	0.0357075683809263	MTIF3
MTRNR2L1	137.081826975149	0.950264690816747	0.265332683878508	3.5814083546973	0.000341747016980679	0.0148906404562302	MTRNR2L1
MTRNR2L10	60.9374501712904	1.16865288343907	0.307147491398899	3.80485895592523	0.000141885016194072	0.00918502786976341	MTRNR2L10
MTRNR2L2	788.98221408402	0.941274605173394	0.273789956140543	3.43794424909515	0.000586148365141736	0.0194090605161703	MTRNR2L2
MTRNR2L3	17.9323390315106	1.60865549235385	0.350444384419368	4.59033034590964	4.42545038731553e-06	0.000871909931744363	MTRNR2L3
MTRNR2L6	39.0007722381745	1.71476944064748	0.409095558686124	4.19161099219639	2.76980624735379e-05	0.00358610771710963	MTRNR2L6
MTRNR2L8	380.810201106507	0.724462404224982	0.245077567639346	2.95605351074439	0.00311603024474274	0.0425951464677276	MTRNR2L8
MTX1	49.2334084399309	1.02080680985594	0.295313023280164	3.45669418340382	0.000546845056273405	0.0188443222243569	MTX1
MUSTN1	9.78144042363303	1.10911126229033	0.379008632494338	2.92634828655755	0.00342966739727547	0.0445156489158648	MUSTN1
MVP	153.609675314558	1.14189715034979	0.294128721710654	3.88230412762313	0.00010347135434236	0.00762322500573088	MVP
MYBL2	7.4438471336919	-2.92056448505825	0.680106196748547	-4.29427712763227	1.7526344235153e-05	0.00269222470852867	MYBL2
MYG1	21.5662288583506	0.73245194601439	0.240888598080964	3.04062521783703	0.00236087499762502	0.0379623987064061	MYG1
MYL5	5.61101089421062	1.15414449612049	0.379455946323543	3.04157704551138	0.00235342327734168	0.0379623987064061	MYL5
MYL6	4906.48966932349	0.935740437938097	0.258683783398027	3.61731387119194	0.000297676247290689	0.0138350760471565	MYL6
MYZAP	5.70036228963528	-2.08094403422941	0.707119358586759	-2.94284693094581	0.00325209171215537	0.0433436870400944	MYZAP
MZB1	131.323108008518	-3.36518324278252	0.579297501338114	-5.80907605333927	6.28185502286428e-09	7.11655650902737e-06	MZB1
NAA60	16.9838139850651	0.734158415432095	0.252052794184891	2.91271682905273	0.00358299351962935	0.0452084726043922	NAA60
NACA	1175.58733079918	0.40862874520382	0.143479799133519	2.84798799323353	0.00439965844212584	0.0499675494498578	NACA
NADSYN1	40.0573593988156	0.609016563828916	0.201247052757365	3.02621357920298	0.00247637313419092	0.0389641835332852	NADSYN1
NAPRT	18.7863536552034	1.79073307239256	0.397499915101973	4.5049898235404	6.63761233458561e-06	0.00125326417892395	NAPRT
NARF	93.1856392990809	0.736832887037984	0.258768663267556	2.84745794847705	0.00440699160646956	0.0499881914010434	NARF
NBPF19	12.1161044591214	-1.34239907303379	0.46075768275814	-2.91345998833499	0.00357447640878864	0.0452084726043922	NBPF19
NCOA3	13.4893974734905	-1.05098830984698	0.341767146105761	-3.0751589841867	0.00210390371216272	0.036458277903118	NCOA3
NDRG2	4.57707367439273	1.03428823041655	0.348148845575303	2.97082194458359	0.00297003922419865	0.0419592675097754	NDRG2
NDUFB11	120.683551735983	0.81799403915825	0.276147937943157	2.96215878072798	0.00305490201946649	0.0423609721428432	NDUFB11
NDUFB7	59.6112187214151	1.48081272569125	0.508937549747746	2.90961577982449	0.00361873324445383	0.0452084726043922	NDUFB7
NDUFS7	12.0518036252716	1.74435108835397	0.557304338404065	3.12997938137215	0.00174818573111281	0.032466818198925	NDUFS7
NECAP2	74.5512682074572	0.453040911491253	0.138335849020869	3.27493498393833	0.00105686293821109	0.0251400231207537	NECAP2
NEK7	35.5099535593904	-1.0321827884892	0.338310353897792	-3.05099378897825	0.00228085292841844	0.0373804160764129	NEK7
NELFE	60.7152313488687	0.730252364060239	0.224237541687445	3.25660172050096	0.00112754521759411	0.0259960841146818	NELFE
NEXN	4.19698430956201	-1.84912036937859	0.643929114548818	-2.87162100237417	0.00408372406803818	0.0480659626345844	NEXN
NFKBIL1	7.80504344683305	0.937429909372736	0.315964086257147	2.96688753610374	0.00300830975921699	0.0422048163278383	NFKBIL1
NIBAN3	4.88900073758899	1.12565603947039	0.357689437541096	3.14702063110561	0.0016494332304676	0.0313420499474772	NIBAN3
NINJ1	278.753343935007	0.871314414780105	0.286287465509378	3.04349480767457	0.00233847476590209	0.0379623987064061	NINJ1
NMRAL1	31.3108099267538	0.894241832857121	0.291359922818675	3.06919985496304	0.00214632955111265	0.0367515250770473	NMRAL1
NOP53	129.309515474503	1.21747497839586	0.364931793421071	3.33617130747251	0.000849408057541435	0.0226417212514648	NOP53
NOSIP	84.6286285225355	1.16040546293905	0.368734525488055	3.14699433529622	0.00164958157618301	0.0313420499474772	NOSIP
NPDC1	3.42204231673803	1.95333337147971	0.67944896971058	2.87487870106235	0.00404182742096055	0.0479764941622328	NPDC1
NR1H2	24.685335754764	0.894043999001632	0.294458895058561	3.03622683506921	0.00239559066600706	0.0380898915895122	NR1H2
NR4A1	2.99846515611769	2.06461763049482	0.541455911995432	3.81308539579163	0.000137242665565826	0.00907905312425608	NR4A1
NRM	20.3438554791039	0.887185036732195	0.258125606384633	3.43702838768425	0.000588133958887976	0.0194090605161703	NRM
NSMCE1	52.4333363689127	0.835302124678872	0.248840516115004	3.35677701412912	0.000788566823277012	0.0220579664177764	NSMCE1
NSMF	6.08391938401286	0.98126406467916	0.306272762681395	3.20388942225312	0.00135584540317697	0.0287552468019483	NSMF
NT5C	20.7583910705472	1.10836612966824	0.298987735412623	3.70706219149298	0.000209677465495165	0.0109844327733103	NT5C
NUBP2	8.39864658049326	1.48354577258654	0.471367684199949	3.14732176666832	0.00164773527316605	0.0313420499474772	NUBP2
NUCB1	87.7900714361358	1.63986269643672	0.325721574825255	5.03455350575559	4.78963886572281e-07	0.000127625840622766	NUCB1
NUCB2	32.210888429051	-0.680858540173938	0.225480151224748	-3.01959412602704	0.00253113629377248	0.0391462256492491	NUCB2
NUDC	38.8906199668628	0.77845853433491	0.267541112061281	2.90967817371038	0.00361801096764956	0.0452084726043922	NUDC
NUDT14	4.77013288877563	1.77236456818739	0.470823873829079	3.76438975741235	0.000166956303589714	0.00982548687943882	NUDT14
NUDT22	20.9716837095876	1.20367383823736	0.332096740477709	3.62446748650985	0.000289557442392732	0.0136385255012415	NUDT22
NUSAP1	5.66926692161914	-2.34714039465991	0.607877267376325	-3.86120771515352	0.000112827930155529	0.00798874633593405	NUSAP1
OCEL1	13.4366424886592	0.971037328108966	0.319422195614218	3.03998075726001	0.00236593264441653	0.0379623987064061	OCEL1
ODF3B	18.4078758273948	1.79588386869425	0.606315175133619	2.96196424293433	0.0030568328126911	0.0423609721428432	ODF3B
OGFR	32.0998167299155	1.27570286717766	0.336125835433977	3.7953133401084	0.000147457102587484	0.00932772105749411	OGFR
OLFM4	20.1710910263728	-4.49596492146901	0.999380249161764	-4.49875302742877	6.83532086402269e-06	0.00126425536715587	OLFM4
OTOF	4.65531939541081	-4.22020061788948	1.25068282834078	-3.37431723076284	0.000739990369481196	0.0214952971750259	OTOF
OXER1	7.50749812261719	0.978534526101308	0.330643947383391	2.9594811392893	0.00308157564249469	0.0424692614303145	OXER1
OXLD1	17.8269985522215	1.01934359732119	0.320529299635065	3.18018851469041	0.00147179272201007	0.0295107465477372	OXLD1
PALM2AKAP2	4.36432011228711	-2.02572710362163	0.636576824554154	-3.18221937319255	0.00146151072155126	0.0294299395173895	PALM2AKAP2
PBXIP1	122.476213214209	0.772758751847576	0.229760881167988	3.36331732329395	0.000770117859308978	0.0219262570551753	PBXIP1
PCLAF	4.9852917292254	-2.09594011724086	0.593714266679239	-3.5302168650315	0.00041521916994539	0.0165973525224565	PCLAF
PCNA	46.0989640294665	-0.650646211678201	0.188085175073616	-3.45931683038571	0.000541547476180092	0.0188443222243569	PCNA
PDIA4	37.97566781827	-0.878019888823655	0.300430419645091	-2.92253990078931	0.00347189133388165	0.0446322711474743	PDIA4
PDIA6	80.6102899091379	-0.596144738920108	0.19309293363725	-3.08734622075836	0.00201952231924554	0.0356088147457632	PDIA6
PDLIM2	28.681382192064	0.918649828566802	0.299951976281036	3.06265636238411	0.002193818279453	0.0367515250770473	PDLIM2
PDLIM7	84.0284501263268	0.994101329234704	0.339913539661239	2.92457114307784	0.00344931224178621	0.0445156489158648	PDLIM7
PEAK3	5.58808892377461	1.0224861187405	0.358853806415925	2.84931105776095	0.00438140209069265	0.0498226438493695	PEAK3
PELATON	64.2267990647358	1.39587560527229	0.358924990797894	3.8890454581311	0.000100639268081615	0.00762322500573088	PELATON
PEX16	11.2921688028009	1.18400133965326	0.372926651226916	3.17489065412177	0.00149892973888634	0.0297912285603659	PEX16
PFDN5	1583.19939344556	0.754685933072243	0.221676943967948	3.40444035163784	0.000662997784070808	0.0203686403967245	PFDN5
PFKL	20.7337683434431	1.06425700566332	0.322613303621691	3.29886273664433	0.000970773674311614	0.0241877735140486	PFKL
PFN1	1919.24205849683	0.697222462482701	0.206231774256665	3.38077129480045	0.000722826794879811	0.0212634311223547	PFN1
PGAP6	18.7548219469063	0.836455558972136	0.262118961340505	3.19112953406503	0.00141717727160534	0.0291906309376345	PGAP6
PGGHG	96.853928817867	1.09942197065061	0.372719312949254	2.94973169474667	0.00318049998224661	0.0428941537784241	PGGHG
PGLS	71.5657115502791	1.25578328348353	0.315799314522307	3.97652314534971	6.99301954170657e-05	0.00618793967462793	PGLS
PGRMC1	54.62810545208	-0.597020828678316	0.187802046222805	-3.17899000935283	0.00147789184971895	0.0295676243576223	PGRMC1
PHB2	122.846018951173	0.499802597353121	0.160274870152927	3.11840899871722	0.00181830283366006	0.0334265285628014	PHB2
PIGQ	2.90203780418338	1.4032623152675	0.463352386359899	3.02849916516357	0.00245771756288916	0.0387379030825469	PIGQ
PIP4K2A	52.1642650685007	-0.436697359452401	0.138411512500897	-3.15506529451133	0.00160462189785642	0.0310507669181604	PIP4K2A
PITPNM1	8.7492212521706	0.919045077379755	0.303888610921107	3.0242827284447	0.00249223412536992	0.0390372925952407	PITPNM1
PKN1	75.1555607892437	1.01815345340088	0.309830871656568	3.28615882580434	0.00101563725579161	0.0245948738222587	PKN1
PLAAT2	2.94520650673862	-3.60369917859457	0.955364314023469	-3.772068022321	0.000161900102312369	0.00965329360037499	PLAAT2
PLAAT4	245.735388309322	0.971434118667468	0.33265924359537	2.92020780233924	0.00349798053629343	0.0447764195970997	PLAAT4
PLD2	6.13090973590049	0.914259336594058	0.305444921176052	2.99320523344731	0.00276064037570814	0.0410158749590866	PLD2
PLEC	5.7272504442225	1.1024899174515	0.314507617325006	3.50544742549815	0.000455840520511918	0.0174279043857861	PLEC
PLEKHO1	171.603079589672	0.852594791448306	0.257435444220729	3.31187802840885	0.000926719405586673	0.0237927987898924	PLEKHO1
PMM1	21.3714003224222	0.759682117751705	0.256396592315201	2.96291815305326	0.00304737586697022	0.0423609721428432	PMM1
PNKP	13.4662778964299	0.772447074306892	0.2304670065043	3.35166011839738	0.000803285717164447	0.0222635426748055	PNKP
PNPLA6	18.893442947797	1.07890458648293	0.320678410756939	3.36444409817379	0.000766980199565445	0.0219262570551753	PNPLA6
POLD4	75.7043775072361	1.13289296336215	0.292853685274941	3.86846066935628	0.000109524598110717	0.00790185264102305	POLD4
POLE4	39.4191429183962	0.736092180422195	0.256313227324436	2.87184624884952	0.00408081458067122	0.0480659626345844	POLE4
POLL	12.4553668627502	0.897999639249737	0.271962999249146	3.30191842908409	0.000960259913000519	0.0241877735140486	POLL
POLR1D	126.814918143321	0.457970819714546	0.157012309679317	2.91678289842311	0.00353661842868382	0.0450278526163149	POLR1D
POLR2E	20.6293490580354	1.00111245156984	0.323495059880886	3.09467616580748	0.00197027888729853	0.0351508613298948	POLR2E
POLR2L	23.9152497659047	1.20367934705496	0.377715637909483	3.18673421549842	0.00143888933599095	0.0293453192794033	POLR2L
POU2AF1	14.7901435124234	-1.42396445399905	0.486744243497065	-2.92548802173483	0.0034391641567584	0.0445156489158648	POU2AF1
PPCDC	37.2927973554428	0.813594810718623	0.252154997386025	3.22656627531791	0.00125285213340978	0.0273604792411875	PPCDC
PPM1M	133.132505511503	0.694882245617385	0.233040799030035	2.98180511099185	0.00286554350661186	0.0415526732806772	PPM1M
PPP1CA	236.338679837534	0.714182252049639	0.213140055188846	3.35076507049255	0.00080588639808708	0.0222675256886073	PPP1CA
PPP1R12C	30.2018711116662	0.84716125954532	0.269079170718425	3.14837174978446	0.00164182750092424	0.0313420499474772	PPP1R12C
PPP1R14B	25.5762566580164	0.749670750031567	0.239041160122441	3.13615759581979	0.00171177191828433	0.0319871935987854	PPP1R14B
PPP1R35	18.4307335199678	0.88018742904012	0.302859464899875	2.90625696420321	0.00365780926046502	0.0453726908133	PPP1R35
PPP1R9B	46.7332547706101	0.531642225494969	0.171062692847309	3.10787943674845	0.00188434922174645	0.0339452887346808	PPP1R9B
PPP2R1A	30.4995990951916	0.773709123582602	0.244274309562409	3.16737820267968	0.00153820128647203	0.030371935205438	PPP2R1A
PPP4C	159.640283140797	0.937912500421536	0.277492372483229	3.37995776975175	0.000724969680768797	0.0212634311223547	PPP4C
PQBP1	67.1014093036077	0.635846974804168	0.219318339799669	2.8991965532156	0.00374120283776487	0.0460143106352895	PQBP1
PRADC1	14.5823271408126	0.806873174738444	0.276286257175568	2.92042457336454	0.00349554801823928	0.0447764195970997	PRADC1
PRAM1	37.8114135095661	1.18516284929165	0.342269530777642	3.46265952040469	0.000534864754510497	0.0187886793415839	PRAM1
PRKAR2B	29.5957084567245	-0.823048404627568	0.280309084329965	-2.93621737802375	0.00332241413058832	0.0438265703332433	PRKAR2B
PRKCSH	66.3708354708793	0.725189515647119	0.214863474243476	3.37511770299944	0.000737841263821544	0.0214952971750259	PRKCSH
PRKD2	40.4005694965264	0.863809269799726	0.267977324644445	3.22344165106446	0.00126660100158658	0.0275280692503097	PRKD2
PRPF31	17.0783818513539	0.853734202706378	0.264823247366676	3.22378873907657	0.00126506690814228	0.0275280692503097	PRPF31
PRPF6	33.2039981232689	0.724956463954555	0.205640455783183	3.52535915753325	0.000422908992217761	0.0167372235653693	PRPF6
PRR14	29.6303541433942	0.810892108450089	0.247773620004839	3.27271365060676	0.00106520333431345	0.0252289944816398	PRR14
PSAT1	2.86187679408884	-2.21671003523968	0.776987872170559	-2.85295319867371	0.00433150002832391	0.049626480177345	PSAT1
PSENEN	108.82966448876	1.02245303707324	0.251542221003022	4.06473725562339	4.80866016504227e-05	0.00495237353133842	PSENEN
PSMB10	138.924055420596	1.65162897688545	0.396800125361711	4.16237009849701	3.1496132220539e-05	0.00402041473682739	PSMB10
PSMB3	458.485168788625	1.11851996750853	0.279127813243624	4.00719639691472	6.14437682502424e-05	0.00578290371567398	PSMB3
PSMB4	349.989136889323	0.608848256360475	0.181547356695996	3.35366081578374	0.000797500561067025	0.0222024072346714	PSMB4
PSMD13	149.617935557914	0.483760549141102	0.154028553748291	3.14071993386142	0.00168533112859199	0.0318211583717275	PSMD13
PSMD4	249.888118197516	0.569714486822539	0.199252223364516	2.85926288400954	0.00424626733923187	0.0492414861263234	PSMD4
PSMG3	27.17480456247	0.833887426279473	0.291406366396419	2.86159645923824	0.00421513216677723	0.0492414861263234	PSMG3
PSMG4	7.41184161594496	0.96441126028775	0.285001226398406	3.38388459753359	0.000714680354165016	0.0211671504895344	PSMG4
PTGES2	11.6979792075363	0.97213026711504	0.317321683325907	3.0635481853177	0.0021872897693	0.0367515250770473	PTGES2
PTPN12	79.6855167093162	-0.836706203039568	0.282455228187862	-2.96226134105428	0.00305388455307936	0.0423609721428432	PTPN12
PTPN6	318.384132224083	0.546496763790669	0.183536580869841	2.97759041385994	0.00290523941479859	0.0417939441528884	PTPN6
PTRHD1	24.4013213552478	0.734992747671622	0.208917347730889	3.51810299936597	0.000434643625251223	0.0170527063881032	PTRHD1
PTTG1	25.6478658643485	-1.38641329757814	0.333571629857497	-4.15626861963776	3.23487462008599e-05	0.00402312621470351	PTTG1
PUSL1	3.98255131505919	1.44423549455963	0.432245705626637	3.34123734662879	0.000834058897284739	0.0224826287402783	PUSL1
PYCARD	160.031985621442	1.2452422290458	0.345477474375364	3.60440932161276	0.00031286365507667	0.0142481672229631	PYCARD
QARS1	75.0529869686639	0.446324912290932	0.156542724047704	2.85113802002654	0.00435630556094679	0.0497182430829973	QARS1
RAB11B	17.0766733300408	1.05120152122547	0.299747252177152	3.50695965881351	0.000453257857768319	0.0174279043857861	RAB11B
RAB4B	51.5854859489816	1.09395975280137	0.288593551180129	3.79065903700171	0.000150248091792969	0.0093910238339288	RAB4B
RABAC1	55.8762129557699	0.976448720256031	0.32886127787277	2.96918118962549	0.0029859447506679	0.0420864965401293	RABAC1
RAVER1	12.3886644383119	0.773492169420133	0.256097894531388	3.02029882297736	0.00252525404982024	0.0391462256492491	RAVER1
RBM4	96.9447315722493	0.401134426628081	0.123333144603891	3.25244627400366	0.0011441622378389	0.0260165605004371	RBM4
RBM42	21.1719164838848	1.1112149322206	0.343662460620516	3.23344868745393	0.00122305305192672	0.0270294480885233	RBM42
RCN3	17.6087069552714	1.16280392898756	0.376425989283398	3.08906388531033	0.00200788257697269	0.0356084361296463	RCN3
RELB	17.5826860421425	0.844578803599073	0.260694310320172	3.23972856393299	0.00119643534038109	0.0267459826764756	RELB
RFNG	8.4342563273791	1.05382650202023	0.358923170614056	2.9360782147815	0.0033239050222343	0.0438265703332433	RFNG
RFX2	6.34426427452904	1.15919972113625	0.379137869644123	3.05746224249329	0.00223219761034724	0.0371882480562078	RFX2
RGS18	192.522974138275	-1.21661713305202	0.286387129589547	-4.24815575614618	2.15537526443766e-05	0.00295972212448462	RGS18
RHBDF2	15.9113302843937	1.02464825421923	0.308110459861308	3.32558737110212	0.000882324419932493	0.0231253660263896	RHBDF2
RHOC	106.653426096475	0.950275132727639	0.320796399615845	2.96223752469042	0.00305412079963264	0.0423609721428432	RHOC
RHOG	467.904687366388	0.972620831937186	0.304566564161028	3.1934589885676	0.00140579304461473	0.0290883615601446	RHOG
RHOT2	28.47183652898	1.04443187451848	0.325164723504689	3.21200855757472	0.00131810448965056	0.0282410898101727	RHOT2
RIC1	8.13875704811031	-1.12397039996169	0.392120000006622	-2.86639396088622	0.00415177222400606	0.0486772466573958	RIC1
RILP	12.1907313918207	0.889245447425885	0.294888897917474	3.01552704664637	0.00256533058516308	0.0395809203953317	RILP
RIPOR1	12.1737826768971	0.675890884096008	0.235118581521386	2.8746808513496	0.00404436075691778	0.0479764941622328	RIPOR1
RNA18SN2	1498.37989107072	1.32565666036732	0.256740075145723	5.16341930497173	2.42479139169104e-07	0.000127625840622766	RNA18SN2
RNA18SN3	1498.37989107072	1.32565666036732	0.256740075145723	5.16341930497173	2.42479139169104e-07	0.000127625840622766	RNA18SN3
RNA18SN4	1498.37989107072	1.32565666036732	0.256740075145723	5.16341930497173	2.42479139169104e-07	0.000127625840622766	RNA18SN4
RNA28SN1	797.143440448507	1.81387141622369	0.310294758898813	5.84563987693774	5.04624693557432e-09	6.53344799673e-06	RNA28SN1
RNA28SN4	378.164752594703	1.38657139082491	0.480419374477039	2.88616876106269	0.00389962992715149	0.0470603808652117	RNA28SN4
RNA5S1	22.7461936216543	2.72551484896703	0.543104374716851	5.01839973281008	5.2103675416996e-07	0.000127625840622766	RNA5S1
RNA5S10	22.7461936216543	2.72551484896703	0.543104374716851	5.01839973281008	5.2103675416996e-07	0.000127625840622766	RNA5S10
RNA5S11	22.7461936216543	2.72551484896703	0.543104374716851	5.01839973281008	5.2103675416996e-07	0.000127625840622766	RNA5S11
RNA5S12	22.7461936216543	2.72551484896703	0.543104374716851	5.01839973281008	5.2103675416996e-07	0.000127625840622766	RNA5S12
RNA5S13	22.7461936216543	2.72551484896703	0.543104374716851	5.01839973281008	5.2103675416996e-07	0.000127625840622766	RNA5S13
RNA5S14	22.7461936216543	2.72551484896703	0.543104374716851	5.01839973281008	5.2103675416996e-07	0.000127625840622766	RNA5S14
RNA5S15	22.7461936216543	2.72551484896703	0.543104374716851	5.01839973281008	5.2103675416996e-07	0.000127625840622766	RNA5S15
RNA5S16	22.7461936216543	2.72551484896703	0.543104374716851	5.01839973281008	5.2103675416996e-07	0.000127625840622766	RNA5S16
RNA5S17	22.7461936216543	2.72551484896703	0.543104374716851	5.01839973281008	5.2103675416996e-07	0.000127625840622766	RNA5S17
RNA5S2	22.7461936216543	2.72551484896703	0.543104374716851	5.01839973281008	5.2103675416996e-07	0.000127625840622766	RNA5S2
RNA5S3	22.7461936216543	2.72551484896703	0.543104374716851	5.01839973281008	5.2103675416996e-07	0.000127625840622766	RNA5S3
RNA5S4	22.7461936216543	2.72551484896703	0.543104374716851	5.01839973281008	5.2103675416996e-07	0.000127625840622766	RNA5S4
RNA5S5	22.7461936216543	2.72551484896703	0.543104374716851	5.01839973281008	5.2103675416996e-07	0.000127625840622766	RNA5S5
RNA5S6	22.7461936216543	2.72551484896703	0.543104374716851	5.01839973281008	5.2103675416996e-07	0.000127625840622766	RNA5S6
RNA5S7	22.7461936216543	2.72551484896703	0.543104374716851	5.01839973281008	5.2103675416996e-07	0.000127625840622766	RNA5S7
RNA5S8	22.7461936216543	2.72551484896703	0.543104374716851	5.01839973281008	5.2103675416996e-07	0.000127625840622766	RNA5S8
RNASEK	283.099517416778	1.11900666018683	0.270214864342126	4.14117359128706	3.45533325045464e-05	0.00417542469984938	RNASEK
RNASET2	42.2833093082135	0.782569258959435	0.256213732238991	3.05436110750484	0.00225540422505583	0.0372326566332986	RNASET2
RNF167	178.98429929145	0.839121537578749	0.196863727543756	4.26244869000685	2.02198935505938e-05	0.00290877611506399	RNF167
RNH1	31.5120622492541	1.30784476954264	0.364319018892522	3.58983391401939	0.00033088872093973	0.0145574974654213	RNH1
RNPEPL1	24.8507277288413	1.38479918517779	0.355706111364469	3.89309922133691	9.8971648401892e-05	0.00762322500573088	RNPEPL1
ROGDI	30.81286089883	1.38942092304471	0.363935598283996	3.81776591681609	0.000134665605432679	0.00904055097804719	ROGDI
RPH3A	13.8064158090503	-2.27685444865188	0.771297095767141	-2.95198109930298	0.00315742256910943	0.0427764515869459	RPH3A
RPL11	3600.33763164861	0.801687711681749	0.255147650338949	3.14205406405567	0.00167767054639996	0.0317426475198807	RPL11
RPL13	541.119010211739	1.14376936853846	0.350878132011997	3.25973397652309	0.00111516756654915	0.0258665186972899	RPL13
RPL13A	2487.67479359135	0.964021036052904	0.325300410636646	2.96347930876022	0.00304182511277506	0.0423609721428432	RPL13A
RPL18	1264.41820652327	0.901622828087928	0.306163030539097	2.94491084211028	0.00323047737948931	0.0432464054509773	RPL18
RPL18A	1463.79133701061	1.24484465589102	0.38320830695531	3.24848035206134	0.00116023221355539	0.0261883986197164	RPL18A
RPL21	4333.78184865826	0.764071107292849	0.242203803687543	3.15466188251339	0.00160684207046422	0.0310507669181604	RPL21
RPL22	266.443342404285	0.696095461412791	0.220093586003249	3.16272488468845	0.00156299963195931	0.030661181091877	RPL22
RPL24	1802.78898984422	0.628821306104535	0.219936280518412	2.8591067586591	0.00424835783018962	0.0492414861263234	RPL24
RPL26	3329.23218290144	0.620237752266648	0.210175213978039	2.95105089000388	0.00316694733369858	0.0427883977234937	RPL26
RPL27A	253.402864875896	0.94529037896805	0.290766789752723	3.25102595028805	0.00114989361402462	0.0260537145597629	RPL27A
RPL36A	1090.72768842002	0.718669143852196	0.250394307057571	2.87014969428582	0.00410277517292201	0.0481650924769328	RPL36A
RPL39	5507.4364910609	0.706492832849451	0.240623798306305	2.93608877352236	0.00332379188236682	0.0438265703332433	RPL39
RPL6	1799.50436973584	0.643979782757922	0.199286853635052	3.23142129554226	0.00123176240707088	0.0270301760176353	RPL6
RPL7	1485.85069973594	0.675104782333994	0.206766755270401	3.2650547785166	0.00109442908872088	0.0257686053416933	RPL7
RPL8	1524.32373607689	1.2013591860067	0.306510575238768	3.91947059272216	8.87436880604509e-05	0.00693348314561954	RPL8
RPL9	3311.63991701129	0.724645231381945	0.245431656499451	2.95253367767399	0.00315177688051691	0.0427764515869459	RPL9
RPLP1	531.285850844269	1.24568425758898	0.400138734568227	3.11313089679544	0.00185113896253138	0.0337530605945203	RPLP1
RPLP2	1721.56233283354	1.38477348738407	0.396302113702346	3.49423694576645	0.000475418867274691	0.0177313629387264	RPLP2
RPS10	2413.30437720966	0.832795302478256	0.287998410234521	2.89166631788037	0.00383204704823192	0.0466172381182897	RPS10
RPS11	6207.07407048157	0.769061493127758	0.228758314026292	3.36189526663221	0.000774094782387477	0.0219262570551753	RPS11
RPS16	1541.99173825518	0.904341996439182	0.297652579314955	3.03824679940794	0.00237958982250364	0.0379687016925185	RPS16
RPS2	1435.45490047739	0.956486475595839	0.296399852883596	3.22701400250518	0.0012508933853667	0.0273604792411875	RPS2
RPS20	3248.86013954177	0.840591128899299	0.292212021008551	2.8766480105714	0.00401923652937464	0.0478035966741763	RPS20
RPS23	372.727958178796	0.775007714417909	0.25789477909266	3.00513146153863	0.00265466084855767	0.0402364897740435	RPS23
RPS24	3177.88993886508	0.605272053883987	0.204866977723218	2.95446372378144	0.00313212974151277	0.0427507407339311	RPS24
RPS27A	1671.32391655242	0.704546001010348	0.243694374549106	2.89110490266315	0.00383889955227885	0.0466379981800312	RPS27A
RPS3A	3462.16631850917	0.771216154736052	0.256888764381945	3.00214046570523	0.0026808844232107	0.0404273802455218	RPS3A
RPS4X	1319.97231679642	0.715412626004961	0.243423922148948	2.93895776425461	0.00329317947574731	0.0436346280536519	RPS4X
RPS9	2208.44263372544	0.911643546506232	0.271464503962186	3.35824217604973	0.000784398577513795	0.0220158366737542	RPS9
RPUSD1	5.25240500060745	1.44448428706153	0.485463438235281	2.97547492415167	0.00292535265577794	0.0418838406308301	RPUSD1
RRM2	10.93517607513	-3.79245999379066	0.750072461900287	-5.05612482317052	4.27861347013157e-07	0.000127625840622766	RRM2
RRP12	21.8608835308005	1.19454110749812	0.275979049499732	4.32837604761472	1.50212833519244e-05	0.00238838405295598	RRP12
RRP7A	11.4774940338377	0.853707459343016	0.280195454830778	3.04682836435946	0.00231269724003167	0.0376550495962539	RRP7A
RSU1	27.0763631158729	-0.749637815178328	0.212367825927119	-3.52990294977917	0.000415712128720911	0.0165973525224565	RSU1
RTL8A	15.4391879716754	0.906628405609555	0.261338549484608	3.46917210414437	0.000522064904608101	0.0187886793415839	RTL8A
RTL8C	16.0211852442486	0.981478803402583	0.30986294018491	3.16746108075037	0.00153776291755355	0.030371935205438	RTL8C
RTN2	5.73490986152003	1.33315918457495	0.345614960481952	3.85735380990421	0.000114621190720283	0.00805280505037152	RTN2
S100A13	5.71503548142631	1.08440669796609	0.314518371497371	3.44783261086914	0.000565104138345657	0.0192539052850627	S100A13
S1PR4	61.8627298060498	1.62404372879918	0.429296985336571	3.78303082544575	0.000154930218471239	0.00948738222976242	S1PR4
SAP25	26.7520003305966	1.40120128778925	0.440404348587058	3.18162455090352	0.00146451536161786	0.0294299395173895	SAP25
SARS1	72.9867909606479	0.494588144657373	0.143823338194542	3.43885874758636	0.000584171954464055	0.0194090605161703	SARS1
SART1	21.0568293388358	0.86654787759246	0.263600629613797	3.28735131953988	0.00101134577543944	0.0245948738222587	SART1
SCAND1	6.81092559385602	1.91884873716972	0.498750779927201	3.84730974746506	0.000119421948107978	0.00832554704386618	SCAND1
SCARF1	12.1825762163494	1.09399918378534	0.354037589013951	3.09006506013188	0.00200112655602415	0.0356084361296463	SCARF1
SCP2	54.8891901406942	-0.508047811851239	0.140300235210084	-3.62114725674191	0.000293299504620922	0.0137019247957702	SCP2
SDHAF1	9.69577189037867	0.846158386603351	0.283372765683418	2.9860257903142	0.00282628806099017	0.0411794943222058	SDHAF1
SEC11C	101.171223439364	-1.18301958948856	0.345971512015372	-3.41941329965918	0.000627563277713799	0.0196802975291355	SEC11C
SECTM1	144.680289931772	1.40082103275811	0.367679846650444	3.80989343179825	0.000139026705275343	0.0091252809965758	SECTM1
SEL1L	17.2897738257498	-0.922809503657944	0.31180902598457	-2.95953428783556	0.00308104413796159	0.0424692614303145	SEL1L
SELENOO	7.32273347642171	1.30806132118652	0.426688871090887	3.06560918226503	0.00217227050028469	0.0367515250770473	SELENOO
SELPLG	407.406049480285	0.729433841784435	0.242300740011554	3.01044826255855	0.00260862385470152	0.0401007580135851	SELPLG
SEPTIN9	92.4342530774721	0.684368761845788	0.237264252178048	2.88441581723075	0.00392140586586693	0.0471348824434376	SEPTIN9
SERF2	245.211473390758	0.921687735413806	0.283051862323325	3.25625038411151	0.00112894147799245	0.0259960841146818	SERF2
SERPINB6	83.5196203278389	0.754509411747605	0.25619897886182	2.94501334509435	0.00322940733556828	0.0432464054509773	SERPINB6
SF3B4	36.2163542605392	0.412355401520932	0.144684622999555	2.85002920816403	0.00437152144474266	0.0497727372533954	SF3B4
SGF29	15.2951644066882	1.01661789990828	0.287532116128768	3.53566729725943	0.000406746605953652	0.0164568950435623	SGF29
SGTA	15.2946089208874	0.927768673907871	0.277318672932564	3.3454965873628	0.000821353699365751	0.0224826287402783	SGTA
SH2B2	7.32829070860739	1.13622155168904	0.34365840699008	3.30625274568604	0.000945527576264554	0.0241877735140486	SH2B2
SH2D3C	36.4187552633571	0.888905876449014	0.257022474413224	3.4584752888959	0.000543242104289318	0.0188443222243569	SH2D3C
SH3BGRL3	1846.37970066354	0.897787620742561	0.258677477409691	3.47068337658424	0.000519135738766776	0.0187886793415839	SH3BGRL3
SH3TC1	5.46956035597448	1.06613260970832	0.354603042543541	3.00655234670585	0.00264228555709674	0.0402364897740435	SH3TC1
SHARPIN	22.7906807760229	1.09901992487486	0.350847471093044	3.13247212941546	0.00173340883963255	0.0323248648427773	SHARPIN
SHKBP1	151.738237621249	1.05608622737455	0.298983111028743	3.53226048033537	0.000412023288004332	0.0165962980408145	SHKBP1
SIGLEC1	19.1957633540671	-3.45268611233004	0.910025026725787	-3.7940562192587	0.000148206094260085	0.00932772105749411	SIGLEC1
SIPA1	48.6167252339747	1.1648148982474	0.280281833407641	4.15587012574337	3.24051874294776e-05	0.00402312621470351	SIPA1
SIRT6	8.4690628424023	1.39454389110462	0.391950012891563	3.55796363116955	0.000373741044776581	0.0157544887851635	SIRT6
SLA2	25.2573042150783	-0.600815562577718	0.207740364650143	-2.89214647133962	0.00382619522556285	0.0466086120017152	SLA2
SLC12A9	41.3171110630326	1.21314624381846	0.323260797458022	3.75284059607009	0.000174842040558363	0.0101576500870541	SLC12A9
SLC15A3	36.8088001411765	1.2229523044793	0.279336379424896	4.37806313304818	1.19738668777138e-05	0.00200961399097631	SLC15A3
SLC16A3	97.7131283285106	1.21649659964624	0.350555723998966	3.47019465484416	0.00052008130491256	0.0187886793415839	SLC16A3
SLC19A1	18.8699656713524	0.849490623831542	0.285570388622173	2.97471536853028	0.00293260516004062	0.041902494581062	SLC19A1
SLC22A18	7.16892153924515	1.49575969113042	0.458204915940624	3.26439031772468	0.00109699927412879	0.0257686053416933	SLC22A18
SLC25A1	14.9615701744941	0.850978050254466	0.262773202692476	3.23845065453789	0.001201808087156	0.0267459826764756	SLC25A1
SLC25A11	33.6447000929825	0.644706853222179	0.210385853063464	3.0644021156104	0.00218105534272071	0.0367515250770473	SLC25A11
SLC25A28	44.6263091943058	0.680555302713611	0.233793281839369	2.91092753974511	0.00360357577291206	0.0452084726043922	SLC25A28
SLC25A6	175.453424406908	1.14947596783517	0.306001729865936	3.75643617550387	0.000172350200458781	0.0100774830113415	SLC25A6
SLC27A1	4.02941016920557	1.26037354701624	0.366483853725276	3.43909706854655	0.000583657916170748	0.0194090605161703	SLC27A1
SLC2A6	13.1970116116548	1.58872630720555	0.372088663316757	4.26975198073444	1.9569045357213e-05	0.00286055254955519	SLC2A6
SLC38A2	51.254682303441	-0.86535375623227	0.258062721702942	-3.35326912202525	0.000798630117897261	0.0222024072346714	SLC38A2
SLC44A1	8.96548958605735	-1.18373374780505	0.35901197707921	-3.29719848745847	0.000976544621298041	0.0241877735140486	SLC44A1
SLC44A2	181.649741034567	0.558378485629117	0.184762935634338	3.02213473558461	0.00250998800078194	0.0391462256492491	SLC44A2
SLC66A2	15.6897293180178	1.18160136905158	0.389087313031915	3.0368540157326	0.00239061203705121	0.0380775340804835	SLC66A2
SLC8B1	15.2617946912925	0.830124545976187	0.221568022078497	3.74659004575168	0.000179254676384589	0.010229353552338	SLC8B1
SLX1A	38.83416340546	0.911430462611103	0.292623363446715	3.11468794519912	0.00184139604276035	0.0337195139743728	SLX1A
SMIM27	41.114119408337	0.847397375495086	0.296648991797301	2.85656583681939	0.00428251179387745	0.0494425533603966	SMIM27
SMIM3	22.5332866356662	-0.97660356982899	0.232874889522633	-4.19368344878623	2.74460921097804e-05	0.00358610771710963	SMIM3
SMPD2	9.36560596450404	0.864036248422723	0.24369646890742	3.54554274953803	0.000391805429135321	0.016214304129011	SMPD2
SNAI3	9.18488672338392	0.965668811822588	0.29040134345985	3.32529044224652	0.000883264706388179	0.0231253660263896	SNAI3
SNAPC2	5.40453508349106	1.2329453834189	0.371560897984915	3.3182861547206	0.000905716447207351	0.0234072326214597	SNAPC2
SNRNP35	36.9243562523297	0.783258263128931	0.236060991582476	3.31803343652089	0.000906536318010851	0.0234072326214597	SNRNP35
SNRNP70	65.787361214067	0.482225107765385	0.166501994313685	2.89621220306158	0.00377696903939695	0.0461952367126243	SNRNP70
SPAG7	57.9656771120125	0.71125681256608	0.221627137134268	3.2092496512969	0.00133081884350893	0.0284462527800033	SPAG7
SPATA2L	3.36964998212973	1.69661437427504	0.472113968952481	3.59365425691483	0.000326072456777566	0.0145087972699502	SPATA2L
SPCS2	37.0121073454105	-0.559938288049917	0.168730792620997	-3.3185305382145	0.000904924269565361	0.0234072326214597	SPCS2
SPG11	19.3425029545813	-0.796214472141119	0.265980914284965	-2.99350227546054	0.00275795452124141	0.0410158749590866	SPG11
SPI1	378.442981825106	1.04080191630652	0.309653254420103	3.36118513676101	0.000776087860971492	0.0219262570551753	SPI1
SPINT2	47.3397931353252	0.771407665193131	0.193299907246706	3.99072961896765	6.58703409169617e-05	0.0060111686754278	SPINT2
SPNS1	10.4913491162431	0.942951257601302	0.327317516743523	2.8808456907003	0.00396609761110477	0.047545955885506	SPNS1
SPSB2	6.69906351180058	1.31358993406571	0.423434780904067	3.10222493121867	0.00192071956046789	0.0343705973080268	SPSB2
SPSB3	36.2854177120238	1.06525213309569	0.356529773359816	2.98783499357464	0.00280961198721008	0.0411752747859372	SPSB3
STAT5A	49.323508540703	0.524992125384308	0.180021629230237	2.91627249252852	0.0035424096784103	0.0450278526163149	STAT5A
STK11IP	8.65286689102508	0.789974040284253	0.265931747090362	2.97058944231966	0.00297228839691888	0.0419592675097754	STK11IP
STK32C	8.86841337930409	1.05149886992179	0.303121578687452	3.46890140409959	0.000522591202465531	0.0187886793415839	STK32C
STMN1	39.9724932799493	-1.02919025901874	0.292519983115857	-3.51835880768224	0.000434224814976857	0.0170527063881032	STMN1
STX4	57.2941602812221	0.557824328712508	0.194997047254778	2.86068090038138	0.0042273230241746	0.0492414861263234	STX4
STXBP2	161.698828715437	0.983426593361517	0.26434461305283	3.72024450206963	0.000199030001169637	0.0107577651685829	STXBP2
STXBP5	10.1353767385652	-1.18014636519102	0.401178599142804	-2.94169820551902	0.00326417874748283	0.0434408986614345	STXBP5
SURF2	12.0799661356204	1.05703045732473	0.32162715249113	3.28650876997671	0.00101437615193258	0.0245948738222587	SURF2
SYNGR2	93.0677608973964	0.802335987995444	0.249169157749539	3.22004535088544	0.00128170318752992	0.027657323782342	SYNGR2
SYTL1	25.6836223155326	1.10366845063835	0.349421679012161	3.15855745916653	0.00158552050538806	0.0309023061082409	SYTL1
TACC3	63.7739749394229	0.741634305614387	0.225826992782753	3.28408174981918	0.00102315239210716	0.0246617822597531	TACC3
TAGLN	9.51710814015175	1.93717605507575	0.435298721452077	4.45022224878971	8.57814702763361e-06	0.00149507204829699	TAGLN
TALDO1	816.010356686385	0.948915890647003	0.285277130649713	3.3262949907196	0.00088008733606309	0.0231253660263896	TALDO1
TAPBP	109.660820256674	1.00404909719436	0.243975682233987	4.11536546593778	3.86566419150449e-05	0.00429047327233226	TAPBP
TAZ	35.5167118589966	0.737869237580824	0.228243492941957	3.23281609508346	0.00122576444492807	0.0270294480885233	TAZ
TBC1D10B	22.0160608699664	0.993650911164034	0.244917220949998	4.05708878824366	4.96881961321032e-05	0.00505982159039608	TBC1D10B
TBC1D10C	129.484577747108	1.18863243526908	0.34006725663413	3.49528633551422	0.000473553433186617	0.0177313629387264	TBC1D10C
TBC1D17	12.7723083312589	0.827968124982818	0.248793947178568	3.32792712351862	0.000874947512893918	0.0231253660263896	TBC1D17
TBC1D22A	11.4325166157268	0.709490974913257	0.22323810648428	3.17818040157593	0.00148202507005753	0.0295850070703335	TBC1D22A
TBCB	79.3162016952835	0.769020097016263	0.224404833247137	3.4269319688375	0.000610441984923333	0.0196802975291355	TBCB
TCIRG1	131.315959060201	1.25219577465909	0.342408330368075	3.65702485483641	0.000255159647317883	0.0127061092507801	TCIRG1
TCN1	23.2423886185088	-2.07548986357954	0.53661820211639	-3.86772169746373	0.000109856938405484	0.00790185264102305	TCN1
TELO2	2.68869746568996	1.53233793024582	0.521196548011162	2.9400385249923	0.00328171440821045	0.0436102312047086	TELO2
TENT5C	18.2148245927658	-1.96619548253405	0.468618575417353	-4.19572672889236	2.71998037329714e-05	0.00358610771710963	TENT5C
TEPSIN	17.5316433458253	0.771531173762763	0.256687599064342	3.00572048114162	0.0026495243296547	0.0402364897740435	TEPSIN
TFDP1	25.3110906926236	-0.821832227105013	0.225224687783761	-3.64894379560228	0.000263320700537673	0.0130136453541963	TFDP1
TFEB	54.0441628400725	0.885610589945185	0.294956173435945	3.0025158640645	0.00267758017412115	0.0404273802455218	TFEB
TGFB1	103.656844932515	0.77619250129811	0.265217980259868	2.92662096490432	0.00342666219336708	0.0445156489158648	TGFB1
THAP7	7.84057977804205	1.28393617992209	0.438467987385742	2.92823242941233	0.0034089510393844	0.0444537025466774	THAP7
THOC5	34.0423618037259	0.66311649954284	0.22528908934877	2.94340263640672	0.00324625915568357	0.0433436870400944	THOC5
TIMM17B	72.0820615221729	0.821257920303824	0.28095187768263	2.92312664744507	0.00346535533807143	0.044611527597928	TIMM17B
TK1	4.59073209282642	-1.71814495448348	0.586156789966077	-2.93120370504095	0.00337651292490191	0.0442855812422373	TK1
TMEM115	16.2025706328965	0.836553220023562	0.25101360103725	3.33270076428814	0.000860073920724377	0.0228587974883432	TMEM115
TMEM120A	57.7160456921359	0.839238698785414	0.275363482437202	3.04774871147559	0.00230562642239372	0.0376502563354131	TMEM120A
TMEM141	46.4501483791857	1.15341866304723	0.318113354324032	3.62581025715867	0.000288056813854018	0.0136385255012415	TMEM141
TMEM187	4.43503766092634	1.10864483853727	0.376202847361764	2.94693367238439	0.00320942036111232	0.0431557518290222	TMEM187
TMEM222	32.9357024145421	0.851832887175289	0.291163953360294	2.9256124508009	0.00343778906238656	0.0445156489158648	TMEM222
TMEM86B	4.47471022803651	1.32647874085297	0.424785083308637	3.12270555858758	0.00179196921352242	0.0330766129982764	TMEM86B
TMUB1	8.78551873732554	1.47066625327661	0.433528953292276	3.39231380535989	0.000693050172321323	0.0207297482235913	TMUB1
TMX4	37.5928012383732	-0.832994316405913	0.281751869729712	-2.95648194705864	0.00311170446952146	0.0425951464677276	TMX4
TNF	11.9104519608728	0.841285881352979	0.273360736960147	3.07756662755716	0.00208698178360741	0.036280525561501	TNF
TNFAIP8L2	134.670405364429	0.766982985795068	0.22839381085331	3.35816011357539	0.000784631495710318	0.0220158366737542	TNFAIP8L2
TNFRSF13B	7.04189261288853	-1.59953029996049	0.549854470557006	-2.90900662922711	0.00362579171536939	0.0452084726043922	TNFRSF13B
TNFRSF14	41.1298201097524	1.25619896483497	0.323732392995485	3.88036227456698	0.000104300993127069	0.00762322500573088	TNFRSF14
TNFRSF17	34.986954555222	-3.53370433898661	0.641935148932237	-5.5047684253844	3.69653843133803e-08	3.35017278032165e-05	TNFRSF17
TNFRSF8	4.6369731041787	1.15892567965189	0.331609598957134	3.49484961622506	0.00047432893053802	0.0177313629387264	TNFRSF8
TNK2	18.1139591650974	0.999212073011347	0.3354485095335	2.97873457360394	0.00289441386615497	0.0417245382468401	TNK2
TNKS2	15.4507815907228	-0.871399159339063	0.301141480326822	-2.89365370188575	0.00380787871151843	0.0464479202725323	TNKS2
TNNI2	17.1937577982009	1.99922677746775	0.389380590314762	5.13437707783957	2.83080035798469e-07	0.000127625840622766	TNNI2
TOMM7	1006.47986065377	0.885694199337059	0.268239421201006	3.30187932620598	0.000960393786042243	0.0241877735140486	TOMM7
TOR2A	15.2498758666085	0.875624730859752	0.304774276519447	2.8730270180918	0.00406559345412438	0.0479865738350408	TOR2A
TP53INP1	36.9511223975342	-1.05926425073766	0.335457228689881	-3.15767305082257	0.001590338134114	0.0309296877885733	TP53INP1
TPPP3	11.897130215811	2.92341927293098	0.505964779170468	5.77791062398442	7.56339645976245e-09	7.61634023498078e-06	TPPP3
TPT1	873.134846489483	0.595835807577116	0.164428237102941	3.6236830004088	0.000290437539638046	0.0136385255012415	TPT1
TRABD	24.3559803544704	1.11093433711778	0.360190430154909	3.08429720534217	0.00204033657509353	0.0357075683809263	TRABD
TRADD	35.6376218604237	0.68542956406379	0.239857000140149	2.8576592038727	0.00426778482720277	0.0493353748583402	TRADD
TRAM2	4.09256822690606	-2.13488837295138	0.678217476378428	-3.14779321870521	0.00164508021379258	0.0313420499474772	TRAM2
TRAPPC1	266.501869433293	0.646900074236492	0.217517759777338	2.97401037459512	0.00293935136935551	0.041902494581062	TRAPPC1
TRAPPC6A	18.2586194521582	1.27005042061766	0.41356931058967	3.07094938646878	0.00213379318194055	0.0367515250770473	TRAPPC6A
TRIR	249.893586700769	0.857995964636756	0.236232136643633	3.63200357422615	0.000281229225659401	0.0134856109637627	TRIR
TROAP	3.93075096787765	-4.48447069566521	0.91455993281061	-4.90341915798084	9.41827137855977e-07	0.000218866137189454	TROAP
TSC22D4	66.227350620533	0.961882081563401	0.270545761203088	3.55533968555269	0.000377491063768673	0.0158136493920738	TSC22D4
TSPAN4	3.29956493850903	1.75341988747937	0.491205464871043	3.56962618064457	0.000357490994891289	0.0153551700791458	TSPAN4
TSPO	175.579163745397	1.81538411382522	0.4373412245204	4.15095584875635	3.31089636772929e-05	0.00405495321361224	TSPO
TSSC4	14.6764074592326	1.55274255658541	0.409846619334034	3.78859427731401	0.000151502100073002	0.00940454474631245	TSSC4
TUBA1A	657.463321204115	1.10134267662477	0.324438289161459	3.39461374756751	0.000687254844537265	0.0206929922127616	TUBA1A
TUBB1	43.0767750142481	-1.40159008596009	0.431548898086575	-3.24781291801354	0.00116295708465438	0.0261883986197164	TUBB1
TWF2	87.0217091380908	1.21403744120327	0.306267488636554	3.96397752372587	7.37111957378081e-05	0.00634922526266031	TWF2
TXN2	66.2233734703037	0.551292402218939	0.184016347383343	2.99588819177292	0.00273646749561336	0.0408528608925233	TXN2
TXNDC11	24.3189417621798	-0.804742881611009	0.258884937333193	-3.10849634552233	0.00188041971479627	0.0339452887346808	TXNDC11
TXNDC5	173.961062389993	-3.23871999623163	0.546145051888589	-5.93014618558206	3.02665095609946e-09	4.57175626918823e-06	TXNDC5
TXNRD2	8.11139087924588	0.832084292716747	0.272600082514997	3.05239926943518	0.00227019911427134	0.0373408612933596	TXNRD2
TYMP	240.407703862937	1.38140580113855	0.480829291020475	2.87296516026875	0.00406638957357513	0.0479865738350408	TYMP
TYMS	9.97115925375805	-3.42434326069874	0.686022818956156	-4.99158798523521	5.9884892146285e-07	0.00014282546776889	TYMS
TYROBP	2103.12761302645	1.01369845276487	0.316108809766089	3.20680228278034	0.00134219209587661	0.0286218516821876	TYROBP
U2AF1L4	27.115964358895	1.08517573891114	0.338974357438578	3.20135053020278	0.0013678502064408	0.0288462770023697	U2AF1L4
UAP1	12.2613171162828	-1.46538644212678	0.39563468422752	-3.70388770384972	0.000212320276763561	0.01105895786384	UAP1
UBA1	74.8229042572344	0.405266087168847	0.13933109401814	2.90865502797303	0.00362987155639623	0.0452084726043922	UBA1
UBA52	419.647997400181	0.667864173348758	0.213335290664065	3.13058458949688	0.00174458747780958	0.0324665221999759	UBA52
UBE2C	7.85349342179689	-1.98006685587487	0.462051059521485	-4.28538538127256	1.82422681586811e-05	0.00271032256265781	UBE2C
UBE2T	6.51030403732232	-1.99748161699675	0.508972473414092	-3.92453761516417	8.68964814238669e-05	0.00684819835777831	UBE2T
UBL5	723.704633915261	0.623339452774575	0.215828241730095	2.88812737284908	0.00387542904539677	0.0468306845845746	UBL5
UBL7	46.8923879579038	0.616614135034994	0.193484038692475	3.18689923572996	0.00143806865735961	0.0293453192794033	UBL7
UBXN1	132.637443974445	1.00003198304997	0.278308554232297	3.59324917557248	0.000326580011372597	0.0145087972699502	UBXN1
UBXN11	53.0025068919564	1.20298175382008	0.321966880516449	3.73635248411403	0.000186708898113368	0.0103584410084215	UBXN11
UBXN6	27.6423002786599	0.83148026832041	0.249177616968852	3.33689790614037	0.00084719062155923	0.0226417212514648	UBXN6
UCKL1	8.54190062090411	0.919682993462054	0.316203116992226	2.90851969522067	0.00363144301621952	0.0452084726043922	UCKL1
UCP2	210.14226731836	1.23810690894063	0.294609396268735	4.2025370698335	2.63940008280038e-05	0.00357028103737609	UCP2
UNC119	98.0058069154145	0.637613297169092	0.220011696476621	2.89808818067474	0.00375445013142536	0.0460440886889148	UNC119
UPP1	80.6908532880199	1.3212445511151	0.416629060220959	3.17127314742372	0.00151772358585979	0.0300987502377402	UPP1
USE1	16.5778851618358	1.03261856704828	0.282246296593194	3.6585725995782	0.000253623898235311	0.0126994109928543	USE1
USP18	16.2336594113043	-2.08656064614585	0.722086943447212	-2.88962522460896	0.00385701353253275	0.046695873909952	USP18
UXT	148.699097490355	0.7741277698266	0.217406129105209	3.56074492017647	0.000369804195413602	0.0156613804814648	UXT
VAMP8	455.610856718954	0.783379906480727	0.245271106150263	3.19393473930353	0.00140347840741564	0.0290883615601446	VAMP8
VEGFB	6.94428845637978	1.29836571804536	0.374731989710691	3.46478484275589	0.00053065584409259	0.0187886793415839	VEGFB
VENTX	4.42572064716678	1.29248761418402	0.338949562912026	3.81321516711761	0.000137170592509772	0.00907905312425608	VENTX
VNN1	30.4683148280737	-1.4397740756556	0.469403625145506	-3.06724106617049	0.00216044547047629	0.0367515250770473	VNN1
VNN3	101.983309841113	-0.937105171737626	0.293044039781636	-3.19783051187773	0.00138465636062369	0.0289818489522691	VNN3
VPS28	125.175183021956	1.01185368682065	0.286029787753005	3.53758150425372	0.000403809534320199	0.0164568950435623	VPS28
VPS51	15.4349451330177	1.19992168703351	0.384179093612404	3.12333936693625	0.00178811440721211	0.0330728181072721	VPS51
VPS9D1	24.5282931997972	1.41239198209564	0.392883406772296	3.59493925614992	0.000324467272953014	0.0145087972699502	VPS9D1
WASHC1	107.10524550226	0.98114973824005	0.283193831755259	3.46458724810072	0.000531045848088016	0.0187886793415839	WASHC1
WDR13	6.43053627353236	1.19074731036421	0.3507676161953	3.39468997531754	0.000687063541477932	0.0206929922127616	WDR13
WDR25	3.9048878201755	1.33115737942555	0.369041292207763	3.60706893112691	0.000309675413762477	0.0141746882572188	WDR25
WLS	36.3053303513438	-1.06149398380529	0.341099925915337	-3.1119736568596	0.00185841081724215	0.0337530605945203	WLS
XBP1	154.246411249176	-1.03853610407016	0.275078674043592	-3.77541482516228	0.000159741602489659	0.00962489609957397	XBP1
XPNPEP1	22.8234078485705	-0.565181878774994	0.19287836878814	-2.93025020030005	0.00338689180619227	0.0443022036114456	XPNPEP1
YBX1	152.340776424762	0.311250475737386	0.0942862851684129	3.30112142165146	0.00096299197327833	0.0241877735140486	YBX1
ZBTB22	14.6411638603982	0.608481752753736	0.202284731424772	3.00804587903375	0.00262933440562411	0.0402364897740435	ZBTB22
ZBTB48	16.1720013585663	0.773312407758155	0.243530665155344	3.17542107998954	0.00149619213902974	0.0297912285603659	ZBTB48
ZC3H11A	65.8755394815593	-0.739039621802835	0.242987532455448	-3.0414713641258	0.00235424957738583	0.0379623987064061	ZC3H11A
ZDHHC12	22.2476903691304	1.22672080873671	0.408034586710445	3.00641379111138	0.00264348999149915	0.0402364897740435	ZDHHC12
ZDHHC20	26.0999687641463	-0.821351834815604	0.267539666934431	-3.07001890309187	0.00214045223120284	0.0367515250770473	ZDHHC20
ZFAND2B	64.3953085076413	0.812001807329879	0.243348980441327	3.33677916322997	0.000847552634141249	0.0226417212514648	ZFAND2B
ZFPL1	11.873966196394	0.936311560831481	0.303340840899196	3.08666501370526	0.00202415563739579	0.03562120881887	ZFPL1
ZG16B	2.86935685978729	2.24339766791403	0.500966886515915	4.47813563789861	7.52977553409785e-06	0.00133808540520645	ZG16B
ZGPAT	17.4313870691803	1.04721557494597	0.327545046911548	3.19716504590823	0.00138785491930368	0.0289818643632471	ZGPAT
ZNF385A	28.3243768739635	0.973393722324649	0.327510329801354	2.97210082782746	0.00295769534527568	0.041902494581062	ZNF385A
ZNF444	4.64875402678984	1.1266720889336	0.382400582063293	2.94631373952019	0.00321586033397843	0.0431782847508837	ZNF444
ZNF467	25.4402119376736	1.22559345375342	0.297879223209295	4.11439723975748	3.88192439955032e-05	0.00429047327233226	ZNF467
ZNF511	19.5630479845529	0.732399212209017	0.247206726835163	2.9626993633445	0.00304954255950774	0.0423609721428432	ZNF511
ZNF524	8.00158477821322	1.68372889087498	0.455936045703121	3.69290585103537	0.000221706119273449	0.0113860142703254	ZNF524
ZNF580	10.3980566388486	0.933288371830581	0.317900391106605	2.93578868708473	0.00332700875971217	0.0438265703332433	ZNF580
ZNF581	19.1293057617425	0.892520567966263	0.271241759368407	3.290498373276	0.00100010080059804	0.0245948738222587	ZNF581
ZNF784	4.38145245971149	1.06179239568494	0.355380433019086	2.98776268199302	0.00281027678125463	0.0411752747859372	ZNF784
ZNF865	3.47495858292027	1.16348719564678	0.393287321303386	2.95836436270279	0.00309276316275047	0.0424692614303145	ZNF865
ZNHIT1	90.3696728365425	0.978553054452103	0.320539518836344	3.0528312328057	0.00226693391899301	0.0373408612933596	ZNHIT1
ZRSR2	33.9441153067428	0.680228175731188	0.197363004545456	3.44658401050295	0.000567722019528083	0.0192706541684757	ZRSR2
ZWINT	6.07311686437857	-2.70088363324801	0.686462122838589	-3.93449768514479	8.33708722615557e-05	0.00668663907350866	ZWINT
ZYX	356.758862577828	1.10538383072239	0.323145736022289	3.42069755995835	0.000624607511238023	0.0196802975291355	ZYX
